{
 "cells": [
  {
   "cell_type": "code",
   "execution_count": 1,
   "metadata": {},
   "outputs": [],
   "source": [
    "%load_ext autoreload\n",
    "%autoreload 2\n",
    "%matplotlib inline"
   ]
  },
  {
   "cell_type": "code",
   "execution_count": 2,
   "metadata": {},
   "outputs": [
    {
     "name": "stdout",
     "output_type": "stream",
     "text": [
      "Jupyter environment detected. Enabling Open3D WebVisualizer.\n",
      "[Open3D INFO] WebRTC GUI backend enabled.\n",
      "[Open3D INFO] WebRTCWindowSystem: HTTP handshake server disabled.\n"
     ]
    }
   ],
   "source": [
    "import sys\n",
    "import os\n",
    "import json\n",
    "import torch\n",
    "import yaml\n",
    "import numpy as np\n",
    "import cv2\n",
    "from pathlib import Path\n",
    "import matplotlib.pyplot as plt\n",
    "from copy import deepcopy \n",
    "from PIL import Image\n",
    "import torchvision.transforms as transforms\n",
    "from nerfstudio.engine.trainer import Trainer\n",
    "from nerfstudio.utils.eval_utils import eval_setup\n",
    "from nerfstudio.data.dataparsers.base_dataparser import transform_poses_to_original_space\n",
    "from plane_nerf.plane_nerf_utils import invert_SO3xR3_pose, transform_original_space_to_pose\n"
   ]
  },
  {
   "cell_type": "code",
   "execution_count": 3,
   "metadata": {},
   "outputs": [
    {
     "name": "stdout",
     "output_type": "stream",
     "text": [
      "{'focal_length': 50.0, 'fov_x': 0.85172, 'w': 1640, 'h': 1232, 'pixel_width': 0.06965178305458342, 'pixel_height': 0.06965178305458342, 'fl_x': 717.8567124522416, 'fl_y': 717.8567124522416, 'cx': 820, 'cy': 616, 'camera_model': 'OPENCV', 'frames': [{'file_path': 'images/0.png', 'transform_matrix': [[1.0, 0.0, 0.0, 0.0], [0.0, 0.7648421872844884, -0.644217687237691, -1.5], [0.0, 0.644217687237691, 0.7648421872844884, 1.0], [0.0, 0.0, 0.0, 1.0]], 'mask_path': 'masks/0.png'}, {'file_path': 'images/1.png', 'transform_matrix': [[0.9921147013144778, -0.0958601444987601, 0.08074188586081742, 0.18799985034645633], [0.12533323356430423, 0.7588111781904621, -0.6391378383553254, -1.4881720519717168], [0.0, 0.644217687237691, 0.7648421872844884, 1.0], [0.0, 0.0, 0.0, 1.0]], 'mask_path': 'masks/1.png'}, {'file_path': 'images/2.png', 'transform_matrix': [[0.9685831611286312, -0.19020851725470017, 0.1602104239487451, 0.3730348307472822], [0.24868988716485482, 0.7408132635245464, -0.6239784039596586, -1.4528747416929468], [0.0, 0.644217687237691, 0.7648421872844884, 1.0], [0.0, 0.0, 0.0, 1.0]], 'mask_path': 'masks/2.png'}, {'file_path': 'images/3.png', 'transform_matrix': [[0.9297764858882515, -0.28155718806847296, 0.23715234794593276, 0.5521868290270169], [0.3681245526846779, 0.7111322811524555, -0.598978457386917, -1.3946647288323772], [0.0, 0.644217687237691, 0.7648421872844884, 1.0], [0.0, 0.0, 0.0, 1.0]], 'mask_path': 'masks/3.png'}, {'file_path': 'images/4.png', 'transform_matrix': [[0.8763066800438635, -0.36846553383229447, 0.3103542377480673, 0.7226305111525729], [0.48175367410171527, 0.6702363178967569, -0.564532262728797, -1.3144600200657952], [0.0, 0.644217687237691, 0.7648421872844884, 1.0], [0.0, 0.0, 0.0, 1.0]], 'mask_path': 'masks/4.png'}, {'file_path': 'images/5.png', 'transform_matrix': [[0.8090169943749473, -0.4495629580169399, 0.3786616558242797, 0.8816778784387096], [0.587785252292473, 0.6187703275280574, -0.5211830570522167, -1.213525491562421], [0.0, 0.6442176872376909, 0.7648421872844883, 0.9999999999999999], [0.0, 0.0, 0.0, 1.0]], 'mask_path': 'masks/5.png'}, {'file_path': 'images/6.png', 'transform_matrix': [[0.7289686274214117, -0.5235705057977645, 0.4409973533866345, 1.0268206588930329], [0.6845471059286886, 0.5575459594587637, -0.4696144832262559, -1.0934529411321174], [0.0, 0.644217687237691, 0.7648421872844884, 1.0], [0.0, 0.0, 0.0, 1.0]], 'mask_path': 'masks/6.png'}, {'file_path': 'images/7.png', 'transform_matrix': [[0.6374239897486899, -0.5893210339362986, 0.4963782592470325, 1.155769864163684], [0.7705132427757893, 0.48752875854699323, -0.4106398084657226, -0.9561359846230348], [0.0, 0.6442176872376911, 0.7648421872844886, 1.0000000000000002], [0.0, 0.0, 0.0, 1.0]], 'mask_path': 'masks/7.png'}, {'file_path': 'images/8.png', 'transform_matrix': [[0.5358267949789965, -0.6457776173263359, 0.5439309834371057, 1.2664918882530227], [0.8443279255020152, 0.40982293787737284, -0.3451890986213536, -0.8037401924684948], [0.0, 0.644217687237691, 0.7648421872844884, 1.0], [0.0, 0.0, 0.0, 1.0]], 'mask_path': 'masks/8.png'}, {'file_path': 'images/9.png', 'transform_matrix': [[0.4257792915650726, -0.692049901922287, 0.582905591089756, 1.3572405786990294], [0.9048270524660196, 0.32565396466107005, -0.2742945504857536, -0.6386689373476089], [0.0, 0.644217687237691, 0.7648421872844884, 1.0], [0.0, 0.0, 0.0, 1.0]], 'mask_path': 'masks/9.png'}, {'file_path': 'images/10.png', 'transform_matrix': [[0.30901699437494745, -0.727408146154351, 0.6126874293599993, 1.4265847744427305], [0.9510565162951536, 0.23634923388581325, -0.19907421343337123, -0.4635254915624212], [0.0, 0.644217687237691, 0.7648421872844884, 1.0], [0.0, 0.0, 0.0, 1.0]], 'mask_path': 'masks/10.png'}, {'file_path': 'images/11.png', 'transform_matrix': [[0.1873813145857247, -0.7512947293889969, 0.6328068208675057, 1.4734308760930328], [0.9822872507286886, 0.1433171345039885, -0.1207143571139738, -0.28107197187858707], [0.0, 0.6442176872376909, 0.7648421872844883, 0.9999999999999999], [0.0, 0.0, 0.0, 1.0]], 'mask_path': 'masks/11.png'}, {'file_path': 'images/12.png', 'transform_matrix': [[0.06279051952931353, -0.7633329459394613, 0.6429464707894602, 1.4970400926424072], [0.9980267284282716, 0.04802483829752954, -0.04045076327162743, -0.09418577929397029], [0.0, 0.644217687237691, 0.7648421872844884, 1.0], [0.0, 0.0, 0.0, 1.0]], 'mask_path': 'masks/12.png'}, {'file_path': 'images/13.png', 'transform_matrix': [[-0.06279051952931353, -0.7633329459394613, 0.6429464707894602, 1.4970400926424072], [0.9980267284282716, -0.04802483829752954, 0.04045076327162743, 0.09418577929397029], [0.0, 0.644217687237691, 0.7648421872844884, 1.0], [0.0, 0.0, 0.0, 1.0]], 'mask_path': 'masks/13.png'}, {'file_path': 'images/14.png', 'transform_matrix': [[-0.18738131458572455, -0.7512947293889969, 0.6328068208675057, 1.473430876093033], [0.9822872507286887, -0.14331713450398836, 0.12071435711397369, 0.2810719718785868], [0.0, 0.644217687237691, 0.7648421872844884, 1.0], [0.0, 0.0, 0.0, 1.0]], 'mask_path': 'masks/14.png'}, {'file_path': 'images/15.png', 'transform_matrix': [[-0.3090169943749472, -0.727408146154351, 0.6126874293599993, 1.4265847744427305], [0.9510565162951536, -0.23634923388581303, 0.19907421343337103, 0.46352549156242073], [0.0, 0.644217687237691, 0.7648421872844884, 1.0], [0.0, 0.0, 0.0, 1.0]], 'mask_path': 'masks/15.png'}, {'file_path': 'images/16.png', 'transform_matrix': [[-0.4257792915650727, -0.6920499019222868, 0.5829055910897559, 1.3572405786990291], [0.9048270524660194, -0.3256539646610701, 0.2742945504857537, 0.6386689373476091], [0.0, 0.644217687237691, 0.7648421872844884, 1.0], [0.0, 0.0, 0.0, 1.0]], 'mask_path': 'masks/16.png'}, {'file_path': 'images/17.png', 'transform_matrix': [[-0.5358267949789969, -0.6457776173263357, 0.5439309834371056, 1.2664918882530225], [0.844327925502015, -0.4098229378773731, 0.3451890986213538, 0.8037401924684953], [0.0, 0.644217687237691, 0.7648421872844884, 1.0], [0.0, 0.0, 0.0, 1.0]], 'mask_path': 'masks/17.png'}, {'file_path': 'images/18.png', 'transform_matrix': [[-0.6374239897486899, -0.5893210339362986, 0.4963782592470325, 1.155769864163684], [0.7705132427757893, -0.48752875854699323, 0.4106398084657226, 0.9561359846230348], [0.0, 0.6442176872376911, 0.7648421872844886, 1.0000000000000002], [0.0, 0.0, 0.0, 1.0]], 'mask_path': 'masks/18.png'}, {'file_path': 'images/19.png', 'transform_matrix': [[-0.7289686274214113, -0.5235705057977648, 0.4409973533866346, 1.0268206588930333], [0.6845471059286888, -0.5575459594587635, 0.46961448322625565, 1.093452941132117], [0.0, 0.644217687237691, 0.7648421872844884, 1.0], [0.0, 0.0, 0.0, 1.0]], 'mask_path': 'masks/19.png'}, {'file_path': 'images/20.png', 'transform_matrix': [[-0.8090169943749476, -0.4495629580169401, 0.37866165582427985, 0.8816778784387098], [0.5877852522924732, -0.6187703275280575, 0.5211830570522168, 1.2135254915624214], [0.0, 0.6442176872376911, 0.7648421872844886, 1.0000000000000002], [0.0, 0.0, 0.0, 1.0]], 'mask_path': 'masks/20.png'}, {'file_path': 'images/21.png', 'transform_matrix': [[-0.8763066800438638, -0.36846553383229447, 0.3103542377480673, 0.7226305111525728], [0.4817536741017152, -0.6702363178967571, 0.5645322627287972, 1.3144600200657957], [0.0, 0.6442176872376911, 0.7648421872844886, 1.0000000000000002], [0.0, 0.0, 0.0, 1.0]], 'mask_path': 'masks/21.png'}, {'file_path': 'images/22.png', 'transform_matrix': [[-0.9297764858882512, -0.28155718806847313, 0.2371523479459329, 0.5521868290270172], [0.36812455268467814, -0.7111322811524553, 0.5989784573869169, 1.3946647288323768], [0.0, 0.6442176872376909, 0.7648421872844883, 0.9999999999999999], [0.0, 0.0, 0.0, 1.0]], 'mask_path': 'masks/22.png'}, {'file_path': 'images/23.png', 'transform_matrix': [[-0.968583161128631, -0.1902085172547005, 0.16021042394874538, 0.37303483074728283], [0.24868988716485524, -0.7408132635245461, 0.6239784039596584, 1.4528747416929464], [0.0, 0.6442176872376909, 0.7648421872844883, 0.9999999999999999], [0.0, 0.0, 0.0, 1.0]], 'mask_path': 'masks/23.png'}, {'file_path': 'images/24.png', 'transform_matrix': [[-0.992114701314478, -0.09586014449876036, 0.08074188586081764, 0.18799985034645683], [0.12533323356430456, -0.7588111781904622, 0.6391378383553257, 1.488172051971717], [0.0, 0.6442176872376911, 0.7648421872844886, 1.0000000000000002], [0.0, 0.0, 0.0, 1.0]], 'mask_path': 'masks/24.png'}, {'file_path': 'images/25.png', 'transform_matrix': [[-1.0, -9.366615365108091e-17, 7.88939128629749e-17, 1.8369701987210297e-16], [1.2246467991473532e-16, -0.7648421872844884, 0.644217687237691, 1.5], [0.0, 0.644217687237691, 0.7648421872844884, 1.0], [0.0, 0.0, 0.0, 1.0]], 'mask_path': 'masks/25.png'}, {'file_path': 'images/26.png', 'transform_matrix': [[-0.992114701314478, 0.09586014449876017, -0.08074188586081747, -0.18799985034645647], [-0.1253332335643043, -0.7588111781904622, 0.6391378383553257, 1.488172051971717], [0.0, 0.6442176872376911, 0.7648421872844886, 1.0000000000000002], [0.0, 0.0, 0.0, 1.0]], 'mask_path': 'masks/26.png'}, {'file_path': 'images/27.png', 'transform_matrix': [[-0.968583161128631, 0.19020851725469998, -0.16021042394874496, -0.37303483074728183], [-0.24868988716485457, -0.7408132635245461, 0.6239784039596584, 1.4528747416929464], [0.0, 0.6442176872376909, 0.7648421872844883, 0.9999999999999999], [0.0, 0.0, 0.0, 1.0]], 'mask_path': 'masks/27.png'}, {'file_path': 'images/28.png', 'transform_matrix': [[-0.9297764858882517, 0.28155718806847296, -0.2371523479459328, -0.552186829027017], [-0.368124552684678, -0.7111322811524556, 0.5989784573869171, 1.3946647288323775], [0.0, 0.6442176872376911, 0.7648421872844886, 1.0000000000000002], [0.0, 0.0, 0.0, 1.0]], 'mask_path': 'masks/28.png'}, {'file_path': 'images/29.png', 'transform_matrix': [[-0.8763066800438635, 0.3684655338322946, -0.3103542377480674, -0.722630511152573], [-0.4817536741017154, -0.6702363178967569, 0.564532262728797, 1.3144600200657952], [0.0, 0.644217687237691, 0.7648421872844884, 1.0], [0.0, 0.0, 0.0, 1.0]], 'mask_path': 'masks/29.png'}, {'file_path': 'images/30.png', 'transform_matrix': [[-0.809016994374948, 0.44956295801693963, -0.37866165582427946, -0.881677878438709], [-0.5877852522924727, -0.6187703275280578, 0.5211830570522171, 1.213525491562422], [0.0, 0.6442176872376911, 0.7648421872844886, 1.0000000000000002], [0.0, 0.0, 0.0, 1.0]], 'mask_path': 'masks/30.png'}, {'file_path': 'images/31.png', 'transform_matrix': [[-0.7289686274214118, 0.5235705057977643, -0.44099735338663426, -1.0268206588930324], [-0.6845471059286883, -0.5575459594587638, 0.469614483226256, 1.0934529411321177], [0.0, 0.644217687237691, 0.7648421872844884, 1.0], [0.0, 0.0, 0.0, 1.0]], 'mask_path': 'masks/31.png'}, {'file_path': 'images/32.png', 'transform_matrix': [[-0.6374239897486895, 0.5893210339362986, -0.4963782592470325, -1.155769864163684], [-0.7705132427757893, -0.487528758546993, 0.41063980846572246, 0.9561359846230343], [0.0, 0.644217687237691, 0.7648421872844884, 1.0], [0.0, 0.0, 0.0, 1.0]], 'mask_path': 'masks/32.png'}, {'file_path': 'images/33.png', 'transform_matrix': [[-0.5358267949789963, 0.645777617326336, -0.5439309834371058, -1.266491888253023], [-0.8443279255020153, -0.4098229378773727, 0.34518909862135344, 0.8037401924684945], [0.0, 0.644217687237691, 0.7648421872844884, 1.0], [0.0, 0.0, 0.0, 1.0]], 'mask_path': 'masks/33.png'}, {'file_path': 'images/34.png', 'transform_matrix': [[-0.42577929156507216, 0.6920499019222871, -0.5829055910897561, -1.3572405786990296], [-0.9048270524660198, -0.3256539646610697, 0.2742945504857533, 0.6386689373476082], [0.0, 0.644217687237691, 0.7648421872844884, 1.0], [0.0, 0.0, 0.0, 1.0]], 'mask_path': 'masks/34.png'}, {'file_path': 'images/35.png', 'transform_matrix': [[-0.30901699437494756, 0.7274081461543508, -0.6126874293599991, -1.42658477444273], [-0.9510565162951534, -0.23634923388581333, 0.19907421343337128, 0.46352549156242134], [0.0, 0.6442176872376909, 0.7648421872844883, 0.9999999999999999], [0.0, 0.0, 0.0, 1.0]], 'mask_path': 'masks/35.png'}, {'file_path': 'images/36.png', 'transform_matrix': [[-0.18738131458572455, 0.7512947293889969, -0.6328068208675057, -1.473430876093033], [-0.9822872507286887, -0.14331713450398836, 0.12071435711397369, 0.2810719718785868], [0.0, 0.644217687237691, 0.7648421872844884, 1.0], [0.0, 0.0, 0.0, 1.0]], 'mask_path': 'masks/36.png'}, {'file_path': 'images/37.png', 'transform_matrix': [[-0.06279051952931314, 0.7633329459394613, -0.6429464707894602, -1.4970400926424072], [-0.9980267284282716, -0.048024838297529245, 0.04045076327162718, 0.0941857792939697], [0.0, 0.6442176872376909, 0.7648421872844883, 0.9999999999999999], [0.0, 0.0, 0.0, 1.0]], 'mask_path': 'masks/37.png'}, {'file_path': 'images/38.png', 'transform_matrix': [[0.06279051952931286, 0.7633329459394613, -0.6429464707894602, -1.4970400926424072], [-0.9980267284282716, 0.04802483829752903, -0.040450763271627, -0.09418577929396929], [0.0, 0.644217687237691, 0.7648421872844884, 1.0], [0.0, 0.0, 0.0, 1.0]], 'mask_path': 'masks/38.png'}, {'file_path': 'images/39.png', 'transform_matrix': [[0.18738131458572432, 0.751294729388997, -0.6328068208675058, -1.4734308760930332], [-0.9822872507286888, 0.1433171345039882, -0.12071435711397355, -0.28107197187858646], [0.0, 0.644217687237691, 0.7648421872844884, 1.0], [0.0, 0.0, 0.0, 1.0]], 'mask_path': 'masks/39.png'}, {'file_path': 'images/40.png', 'transform_matrix': [[0.3090169943749472, 0.727408146154351, -0.6126874293599993, -1.4265847744427305], [-0.9510565162951536, 0.23634923388581303, -0.19907421343337103, -0.46352549156242073], [0.0, 0.644217687237691, 0.7648421872844884, 1.0], [0.0, 0.0, 0.0, 1.0]], 'mask_path': 'masks/40.png'}, {'file_path': 'images/41.png', 'transform_matrix': [[0.42577929156507194, 0.6920499019222872, -0.5829055910897563, -1.3572405786990298], [-0.9048270524660199, 0.32565396466106955, -0.2742945504857532, -0.6386689373476079], [0.0, 0.644217687237691, 0.7648421872844884, 1.0], [0.0, 0.0, 0.0, 1.0]], 'mask_path': 'masks/41.png'}, {'file_path': 'images/42.png', 'transform_matrix': [[0.5358267949789967, 0.6457776173263357, -0.5439309834371056, -1.2664918882530225], [-0.844327925502015, 0.4098229378773729, -0.34518909862135366, -0.803740192468495], [0.0, 0.6442176872376909, 0.7648421872844883, 0.9999999999999999], [0.0, 0.0, 0.0, 1.0]], 'mask_path': 'masks/42.png'}, {'file_path': 'images/43.png', 'transform_matrix': [[0.6374239897486892, 0.5893210339362989, -0.4963782592470326, -1.1557698641636842], [-0.7705132427757895, 0.48752875854699274, -0.41063980846572223, -0.9561359846230337], [0.0, 0.6442176872376909, 0.7648421872844883, 0.9999999999999999], [0.0, 0.0, 0.0, 1.0]], 'mask_path': 'masks/43.png'}, {'file_path': 'images/44.png', 'transform_matrix': [[0.7289686274214113, 0.5235705057977649, -0.4409973533866347, -1.0268206588930333], [-0.684547105928689, 0.5575459594587635, -0.46961448322625565, -1.093452941132117], [0.0, 0.644217687237691, 0.7648421872844884, 1.0], [0.0, 0.0, 0.0, 1.0]], 'mask_path': 'masks/44.png'}, {'file_path': 'images/45.png', 'transform_matrix': [[0.8090169943749472, 0.4495629580169401, -0.37866165582427985, -0.8816778784387098], [-0.5877852522924732, 0.6187703275280573, -0.5211830570522166, -1.2135254915624207], [0.0, 0.644217687237691, 0.7648421872844884, 1.0], [0.0, 0.0, 0.0, 1.0]], 'mask_path': 'masks/45.png'}, {'file_path': 'images/46.png', 'transform_matrix': [[0.876306680043863, 0.3684655338322951, -0.3103542377480678, -0.722630511152574], [-0.48175367410171605, 0.6702363178967565, -0.5645322627287968, -1.3144600200657945], [0.0, 0.644217687237691, 0.7648421872844884, 1.0], [0.0, 0.0, 0.0, 1.0]], 'mask_path': 'masks/46.png'}, {'file_path': 'images/47.png', 'transform_matrix': [[0.9297764858882515, 0.2815571880684729, -0.2371523479459327, -0.5521868290270168], [-0.36812455268467786, 0.7111322811524555, -0.598978457386917, -1.3946647288323772], [0.0, 0.644217687237691, 0.7648421872844884, 1.0], [0.0, 0.0, 0.0, 1.0]], 'mask_path': 'masks/47.png'}, {'file_path': 'images/48.png', 'transform_matrix': [[0.968583161128631, 0.1902085172547006, -0.16021042394874546, -0.37303483074728305], [-0.24868988716485535, 0.7408132635245461, -0.6239784039596584, -1.4528747416929464], [0.0, 0.6442176872376909, 0.7648421872844883, 0.9999999999999999], [0.0, 0.0, 0.0, 1.0]], 'mask_path': 'masks/48.png'}, {'file_path': 'images/49.png', 'transform_matrix': [[0.9921147013144778, 0.09586014449876042, -0.0807418858608177, -0.18799985034645697], [-0.12533323356430465, 0.7588111781904621, -0.6391378383553254, -1.4881720519717168], [0.0, 0.644217687237691, 0.7648421872844884, 1.0], [0.0, 0.0, 0.0, 1.0]], 'mask_path': 'masks/49.png'}, {'file_path': 'images/50.png', 'transform_matrix': [[1.0, 0.0, 0.0, 0.0], [0.0, 0.7648421872844884, -0.644217687237691, -0.2], [0.0, 0.644217687237691, 0.7648421872844884, 1.0], [0.0, 0.0, 0.0, 1.0]], 'mask_path': 'masks/50.png'}, {'file_path': 'images/51.png', 'transform_matrix': [[0.9921147013144778, -0.0958601444987601, 0.08074188586081742, 0.025066646712860848], [0.12533323356430423, 0.7588111781904621, -0.6391378383553254, -0.19842294026289556], [0.0, 0.644217687237691, 0.7648421872844884, 1.0], [0.0, 0.0, 0.0, 1.0]], 'mask_path': 'masks/51.png'}, {'file_path': 'images/52.png', 'transform_matrix': [[0.9685831611286312, -0.19020851725470017, 0.1602104239487451, 0.04973797743297097], [0.24868988716485482, 0.7408132635245464, -0.6239784039596586, -0.19371663222572624], [0.0, 0.644217687237691, 0.7648421872844884, 1.0], [0.0, 0.0, 0.0, 1.0]], 'mask_path': 'masks/52.png'}, {'file_path': 'images/53.png', 'transform_matrix': [[0.9297764858882515, -0.28155718806847296, 0.23715234794593276, 0.07362491053693558], [0.3681245526846779, 0.7111322811524555, -0.598978457386917, -0.1859552971776503], [0.0, 0.644217687237691, 0.7648421872844884, 1.0], [0.0, 0.0, 0.0, 1.0]], 'mask_path': 'masks/53.png'}, {'file_path': 'images/54.png', 'transform_matrix': [[0.8763066800438635, -0.36846553383229447, 0.3103542377480673, 0.09635073482034306], [0.48175367410171527, 0.6702363178967569, -0.564532262728797, -0.1752613360087727], [0.0, 0.644217687237691, 0.7648421872844884, 1.0], [0.0, 0.0, 0.0, 1.0]], 'mask_path': 'masks/54.png'}, {'file_path': 'images/55.png', 'transform_matrix': [[0.8090169943749473, -0.4495629580169399, 0.3786616558242797, 0.11755705045849461], [0.587785252292473, 0.6187703275280574, -0.5211830570522167, -0.16180339887498948], [0.0, 0.6442176872376909, 0.7648421872844883, 0.9999999999999999], [0.0, 0.0, 0.0, 1.0]], 'mask_path': 'masks/55.png'}, {'file_path': 'images/56.png', 'transform_matrix': [[0.7289686274214117, -0.5235705057977645, 0.4409973533866345, 0.13690942118573773], [0.6845471059286886, 0.5575459594587637, -0.4696144832262559, -0.14579372548428235], [0.0, 0.644217687237691, 0.7648421872844884, 1.0], [0.0, 0.0, 0.0, 1.0]], 'mask_path': 'masks/56.png'}, {'file_path': 'images/57.png', 'transform_matrix': [[0.6374239897486899, -0.5893210339362986, 0.4963782592470325, 0.15410264855515787], [0.7705132427757893, 0.48752875854699323, -0.4106398084657226, -0.12748479794973797], [0.0, 0.6442176872376911, 0.7648421872844886, 1.0000000000000002], [0.0, 0.0, 0.0, 1.0]], 'mask_path': 'masks/57.png'}, {'file_path': 'images/58.png', 'transform_matrix': [[0.5358267949789965, -0.6457776173263359, 0.5439309834371057, 0.16886558510040306], [0.8443279255020152, 0.40982293787737284, -0.3451890986213536, -0.10716535899579932], [0.0, 0.644217687237691, 0.7648421872844884, 1.0], [0.0, 0.0, 0.0, 1.0]], 'mask_path': 'masks/58.png'}, {'file_path': 'images/59.png', 'transform_matrix': [[0.4257792915650726, -0.692049901922287, 0.582905591089756, 0.18096541049320392], [0.9048270524660196, 0.32565396466107005, -0.2742945504857536, -0.08515585831301453], [0.0, 0.644217687237691, 0.7648421872844884, 1.0], [0.0, 0.0, 0.0, 1.0]], 'mask_path': 'masks/59.png'}, {'file_path': 'images/60.png', 'transform_matrix': [[0.30901699437494745, -0.727408146154351, 0.6126874293599993, 0.19021130325903074], [0.9510565162951536, 0.23634923388581325, -0.19907421343337123, -0.06180339887498949], [0.0, 0.644217687237691, 0.7648421872844884, 1.0], [0.0, 0.0, 0.0, 1.0]], 'mask_path': 'masks/60.png'}, {'file_path': 'images/61.png', 'transform_matrix': [[0.1873813145857247, -0.7512947293889969, 0.6328068208675057, 0.19645745014573773], [0.9822872507286886, 0.1433171345039885, -0.1207143571139738, -0.03747626291714495], [0.0, 0.6442176872376909, 0.7648421872844883, 0.9999999999999999], [0.0, 0.0, 0.0, 1.0]], 'mask_path': 'masks/61.png'}, {'file_path': 'images/62.png', 'transform_matrix': [[0.06279051952931353, -0.7633329459394613, 0.6429464707894602, 0.19960534568565433], [0.9980267284282716, 0.04802483829752954, -0.04045076327162743, -0.012558103905862705], [0.0, 0.644217687237691, 0.7648421872844884, 1.0], [0.0, 0.0, 0.0, 1.0]], 'mask_path': 'masks/62.png'}, {'file_path': 'images/63.png', 'transform_matrix': [[-0.06279051952931353, -0.7633329459394613, 0.6429464707894602, 0.19960534568565433], [0.9980267284282716, -0.04802483829752954, 0.04045076327162743, 0.012558103905862705], [0.0, 0.644217687237691, 0.7648421872844884, 1.0], [0.0, 0.0, 0.0, 1.0]], 'mask_path': 'masks/63.png'}, {'file_path': 'images/64.png', 'transform_matrix': [[-0.18738131458572455, -0.7512947293889969, 0.6328068208675057, 0.19645745014573776], [0.9822872507286887, -0.14331713450398836, 0.12071435711397369, 0.03747626291714491], [0.0, 0.644217687237691, 0.7648421872844884, 1.0], [0.0, 0.0, 0.0, 1.0]], 'mask_path': 'masks/64.png'}, {'file_path': 'images/65.png', 'transform_matrix': [[-0.3090169943749472, -0.727408146154351, 0.6126874293599993, 0.19021130325903074], [0.9510565162951536, -0.23634923388581303, 0.19907421343337103, 0.06180339887498944], [0.0, 0.644217687237691, 0.7648421872844884, 1.0], [0.0, 0.0, 0.0, 1.0]], 'mask_path': 'masks/65.png'}, {'file_path': 'images/66.png', 'transform_matrix': [[-0.4257792915650727, -0.6920499019222868, 0.5829055910897559, 0.1809654104932039], [0.9048270524660194, -0.3256539646610701, 0.2742945504857537, 0.08515585831301455], [0.0, 0.644217687237691, 0.7648421872844884, 1.0], [0.0, 0.0, 0.0, 1.0]], 'mask_path': 'masks/66.png'}, {'file_path': 'images/67.png', 'transform_matrix': [[-0.5358267949789969, -0.6457776173263357, 0.5439309834371056, 0.168865585100403], [0.844327925502015, -0.4098229378773731, 0.3451890986213538, 0.10716535899579938], [0.0, 0.644217687237691, 0.7648421872844884, 1.0], [0.0, 0.0, 0.0, 1.0]], 'mask_path': 'masks/67.png'}, {'file_path': 'images/68.png', 'transform_matrix': [[-0.6374239897486899, -0.5893210339362986, 0.4963782592470325, 0.15410264855515787], [0.7705132427757893, -0.48752875854699323, 0.4106398084657226, 0.12748479794973797], [0.0, 0.6442176872376911, 0.7648421872844886, 1.0000000000000002], [0.0, 0.0, 0.0, 1.0]], 'mask_path': 'masks/68.png'}, {'file_path': 'images/69.png', 'transform_matrix': [[-0.7289686274214113, -0.5235705057977648, 0.4409973533866346, 0.13690942118573776], [0.6845471059286888, -0.5575459594587635, 0.46961448322625565, 0.14579372548428227], [0.0, 0.644217687237691, 0.7648421872844884, 1.0], [0.0, 0.0, 0.0, 1.0]], 'mask_path': 'masks/69.png'}, {'file_path': 'images/70.png', 'transform_matrix': [[-0.8090169943749476, -0.4495629580169401, 0.37866165582427985, 0.11755705045849466], [0.5877852522924732, -0.6187703275280575, 0.5211830570522168, 0.1618033988749895], [0.0, 0.6442176872376911, 0.7648421872844886, 1.0000000000000002], [0.0, 0.0, 0.0, 1.0]], 'mask_path': 'masks/70.png'}, {'file_path': 'images/71.png', 'transform_matrix': [[-0.8763066800438638, -0.36846553383229447, 0.3103542377480673, 0.09635073482034305], [0.4817536741017152, -0.6702363178967571, 0.5645322627287972, 0.17526133600877278], [0.0, 0.6442176872376911, 0.7648421872844886, 1.0000000000000002], [0.0, 0.0, 0.0, 1.0]], 'mask_path': 'masks/71.png'}, {'file_path': 'images/72.png', 'transform_matrix': [[-0.9297764858882512, -0.28155718806847313, 0.2371523479459329, 0.07362491053693564], [0.36812455268467814, -0.7111322811524553, 0.5989784573869169, 0.18595529717765025], [0.0, 0.6442176872376909, 0.7648421872844883, 0.9999999999999999], [0.0, 0.0, 0.0, 1.0]], 'mask_path': 'masks/72.png'}, {'file_path': 'images/73.png', 'transform_matrix': [[-0.968583161128631, -0.1902085172547005, 0.16021042394874538, 0.04973797743297105], [0.24868988716485524, -0.7408132635245461, 0.6239784039596584, 0.19371663222572622], [0.0, 0.6442176872376909, 0.7648421872844883, 0.9999999999999999], [0.0, 0.0, 0.0, 1.0]], 'mask_path': 'masks/73.png'}, {'file_path': 'images/74.png', 'transform_matrix': [[-0.992114701314478, -0.09586014449876036, 0.08074188586081764, 0.025066646712860914], [0.12533323356430456, -0.7588111781904622, 0.6391378383553257, 0.19842294026289561], [0.0, 0.6442176872376911, 0.7648421872844886, 1.0000000000000002], [0.0, 0.0, 0.0, 1.0]], 'mask_path': 'masks/74.png'}, {'file_path': 'images/75.png', 'transform_matrix': [[-1.0, -9.366615365108091e-17, 7.88939128629749e-17, 2.4492935982947065e-17], [1.2246467991473532e-16, -0.7648421872844884, 0.644217687237691, 0.2], [0.0, 0.644217687237691, 0.7648421872844884, 1.0], [0.0, 0.0, 0.0, 1.0]], 'mask_path': 'masks/75.png'}, {'file_path': 'images/76.png', 'transform_matrix': [[-0.992114701314478, 0.09586014449876017, -0.08074188586081747, -0.025066646712860866], [-0.1253332335643043, -0.7588111781904622, 0.6391378383553257, 0.19842294026289561], [0.0, 0.6442176872376911, 0.7648421872844886, 1.0000000000000002], [0.0, 0.0, 0.0, 1.0]], 'mask_path': 'masks/76.png'}, {'file_path': 'images/77.png', 'transform_matrix': [[-0.968583161128631, 0.19020851725469998, -0.16021042394874496, -0.04973797743297092], [-0.24868988716485457, -0.7408132635245461, 0.6239784039596584, 0.19371663222572622], [0.0, 0.6442176872376909, 0.7648421872844883, 0.9999999999999999], [0.0, 0.0, 0.0, 1.0]], 'mask_path': 'masks/77.png'}, {'file_path': 'images/78.png', 'transform_matrix': [[-0.9297764858882517, 0.28155718806847296, -0.2371523479459328, -0.0736249105369356], [-0.368124552684678, -0.7111322811524556, 0.5989784573869171, 0.18595529717765036], [0.0, 0.6442176872376911, 0.7648421872844886, 1.0000000000000002], [0.0, 0.0, 0.0, 1.0]], 'mask_path': 'masks/78.png'}, {'file_path': 'images/79.png', 'transform_matrix': [[-0.8763066800438635, 0.3684655338322946, -0.3103542377480674, -0.09635073482034308], [-0.4817536741017154, -0.6702363178967569, 0.564532262728797, 0.1752613360087727], [0.0, 0.644217687237691, 0.7648421872844884, 1.0], [0.0, 0.0, 0.0, 1.0]], 'mask_path': 'masks/79.png'}, {'file_path': 'images/80.png', 'transform_matrix': [[-0.809016994374948, 0.44956295801693963, -0.37866165582427946, -0.11755705045849454], [-0.5877852522924727, -0.6187703275280578, 0.5211830570522171, 0.16180339887498962], [0.0, 0.6442176872376911, 0.7648421872844886, 1.0000000000000002], [0.0, 0.0, 0.0, 1.0]], 'mask_path': 'masks/80.png'}, {'file_path': 'images/81.png', 'transform_matrix': [[-0.7289686274214118, 0.5235705057977643, -0.44099735338663426, -0.13690942118573765], [-0.6845471059286883, -0.5575459594587638, 0.469614483226256, 0.14579372548428235], [0.0, 0.644217687237691, 0.7648421872844884, 1.0], [0.0, 0.0, 0.0, 1.0]], 'mask_path': 'masks/81.png'}, {'file_path': 'images/82.png', 'transform_matrix': [[-0.6374239897486895, 0.5893210339362986, -0.4963782592470325, -0.15410264855515787], [-0.7705132427757893, -0.487528758546993, 0.41063980846572246, 0.1274847979497379], [0.0, 0.644217687237691, 0.7648421872844884, 1.0], [0.0, 0.0, 0.0, 1.0]], 'mask_path': 'masks/82.png'}, {'file_path': 'images/83.png', 'transform_matrix': [[-0.5358267949789963, 0.645777617326336, -0.5439309834371058, -0.16886558510040306], [-0.8443279255020153, -0.4098229378773727, 0.34518909862135344, 0.10716535899579926], [0.0, 0.644217687237691, 0.7648421872844884, 1.0], [0.0, 0.0, 0.0, 1.0]], 'mask_path': 'masks/83.png'}, {'file_path': 'images/84.png', 'transform_matrix': [[-0.42577929156507216, 0.6920499019222871, -0.5829055910897561, -0.18096541049320397], [-0.9048270524660198, -0.3256539646610697, 0.2742945504857533, 0.08515585831301443], [0.0, 0.644217687237691, 0.7648421872844884, 1.0], [0.0, 0.0, 0.0, 1.0]], 'mask_path': 'masks/84.png'}, {'file_path': 'images/85.png', 'transform_matrix': [[-0.30901699437494756, 0.7274081461543508, -0.6126874293599991, -0.19021130325903068], [-0.9510565162951534, -0.23634923388581333, 0.19907421343337128, 0.061803398874989514], [0.0, 0.6442176872376909, 0.7648421872844883, 0.9999999999999999], [0.0, 0.0, 0.0, 1.0]], 'mask_path': 'masks/85.png'}, {'file_path': 'images/86.png', 'transform_matrix': [[-0.18738131458572455, 0.7512947293889969, -0.6328068208675057, -0.19645745014573776], [-0.9822872507286887, -0.14331713450398836, 0.12071435711397369, 0.03747626291714491], [0.0, 0.644217687237691, 0.7648421872844884, 1.0], [0.0, 0.0, 0.0, 1.0]], 'mask_path': 'masks/86.png'}, {'file_path': 'images/87.png', 'transform_matrix': [[-0.06279051952931314, 0.7633329459394613, -0.6429464707894602, -0.19960534568565433], [-0.9980267284282716, -0.048024838297529245, 0.04045076327162718, 0.012558103905862629], [0.0, 0.6442176872376909, 0.7648421872844883, 0.9999999999999999], [0.0, 0.0, 0.0, 1.0]], 'mask_path': 'masks/87.png'}, {'file_path': 'images/88.png', 'transform_matrix': [[0.06279051952931286, 0.7633329459394613, -0.6429464707894602, -0.19960534568565433], [-0.9980267284282716, 0.04802483829752903, -0.040450763271627, -0.012558103905862573], [0.0, 0.644217687237691, 0.7648421872844884, 1.0], [0.0, 0.0, 0.0, 1.0]], 'mask_path': 'masks/88.png'}, {'file_path': 'images/89.png', 'transform_matrix': [[0.18738131458572432, 0.751294729388997, -0.6328068208675058, -0.1964574501457378], [-0.9822872507286888, 0.1433171345039882, -0.12071435711397355, -0.03747626291714486], [0.0, 0.644217687237691, 0.7648421872844884, 1.0], [0.0, 0.0, 0.0, 1.0]], 'mask_path': 'masks/89.png'}, {'file_path': 'images/90.png', 'transform_matrix': [[0.3090169943749472, 0.727408146154351, -0.6126874293599993, -0.19021130325903074], [-0.9510565162951536, 0.23634923388581303, -0.19907421343337103, -0.06180339887498944], [0.0, 0.644217687237691, 0.7648421872844884, 1.0], [0.0, 0.0, 0.0, 1.0]], 'mask_path': 'masks/90.png'}, {'file_path': 'images/91.png', 'transform_matrix': [[0.42577929156507194, 0.6920499019222872, -0.5829055910897563, -0.180965410493204], [-0.9048270524660199, 0.32565396466106955, -0.2742945504857532, -0.0851558583130144], [0.0, 0.644217687237691, 0.7648421872844884, 1.0], [0.0, 0.0, 0.0, 1.0]], 'mask_path': 'masks/91.png'}, {'file_path': 'images/92.png', 'transform_matrix': [[0.5358267949789967, 0.6457776173263357, -0.5439309834371056, -0.168865585100403], [-0.844327925502015, 0.4098229378773729, -0.34518909862135366, -0.10716535899579933], [0.0, 0.6442176872376909, 0.7648421872844883, 0.9999999999999999], [0.0, 0.0, 0.0, 1.0]], 'mask_path': 'masks/92.png'}, {'file_path': 'images/93.png', 'transform_matrix': [[0.6374239897486892, 0.5893210339362989, -0.4963782592470326, -0.1541026485551579], [-0.7705132427757895, 0.48752875854699274, -0.41063980846572223, -0.12748479794973785], [0.0, 0.6442176872376909, 0.7648421872844883, 0.9999999999999999], [0.0, 0.0, 0.0, 1.0]], 'mask_path': 'masks/93.png'}, {'file_path': 'images/94.png', 'transform_matrix': [[0.7289686274214113, 0.5235705057977649, -0.4409973533866347, -0.1369094211857378], [-0.684547105928689, 0.5575459594587635, -0.46961448322625565, -0.14579372548428227], [0.0, 0.644217687237691, 0.7648421872844884, 1.0], [0.0, 0.0, 0.0, 1.0]], 'mask_path': 'masks/94.png'}, {'file_path': 'images/95.png', 'transform_matrix': [[0.8090169943749472, 0.4495629580169401, -0.37866165582427985, -0.11755705045849466], [-0.5877852522924732, 0.6187703275280573, -0.5211830570522166, -0.16180339887498946], [0.0, 0.644217687237691, 0.7648421872844884, 1.0], [0.0, 0.0, 0.0, 1.0]], 'mask_path': 'masks/95.png'}, {'file_path': 'images/96.png', 'transform_matrix': [[0.876306680043863, 0.3684655338322951, -0.3103542377480678, -0.09635073482034322], [-0.48175367410171605, 0.6702363178967565, -0.5645322627287968, -0.1752613360087726], [0.0, 0.644217687237691, 0.7648421872844884, 1.0], [0.0, 0.0, 0.0, 1.0]], 'mask_path': 'masks/96.png'}, {'file_path': 'images/97.png', 'transform_matrix': [[0.9297764858882515, 0.2815571880684729, -0.2371523479459327, -0.07362491053693558], [-0.36812455268467786, 0.7111322811524555, -0.598978457386917, -0.1859552971776503], [0.0, 0.644217687237691, 0.7648421872844884, 1.0], [0.0, 0.0, 0.0, 1.0]], 'mask_path': 'masks/97.png'}, {'file_path': 'images/98.png', 'transform_matrix': [[0.968583161128631, 0.1902085172547006, -0.16021042394874546, -0.04973797743297107], [-0.24868988716485535, 0.7408132635245461, -0.6239784039596584, -0.19371663222572622], [0.0, 0.6442176872376909, 0.7648421872844883, 0.9999999999999999], [0.0, 0.0, 0.0, 1.0]], 'mask_path': 'masks/98.png'}, {'file_path': 'images/99.png', 'transform_matrix': [[0.9921147013144778, 0.09586014449876042, -0.0807418858608177, -0.02506664671286093], [-0.12533323356430465, 0.7588111781904621, -0.6391378383553254, -0.19842294026289556], [0.0, 0.644217687237691, 0.7648421872844884, 1.0], [0.0, 0.0, 0.0, 1.0]], 'mask_path': 'masks/99.png'}, {'file_path': 'images/100.png', 'transform_matrix': [[1.0, 0.0, 0.0, 0.0], [0.0, 0.7648421872844884, -0.644217687237691, -0.6], [0.0, 0.644217687237691, 0.7648421872844884, 1.0], [0.0, 0.0, 0.0, 1.0]], 'mask_path': 'masks/100.png'}, {'file_path': 'images/101.png', 'transform_matrix': [[0.9921147013144778, -0.0958601444987601, 0.08074188586081742, 0.07519994013858254], [0.12533323356430423, 0.7588111781904621, -0.6391378383553254, -0.5952688207886866], [0.0, 0.644217687237691, 0.7648421872844884, 1.0], [0.0, 0.0, 0.0, 1.0]], 'mask_path': 'masks/101.png'}, {'file_path': 'images/102.png', 'transform_matrix': [[0.9685831611286312, -0.19020851725470017, 0.1602104239487451, 0.1492139322989129], [0.24868988716485482, 0.7408132635245464, -0.6239784039596586, -0.5811498966771786], [0.0, 0.644217687237691, 0.7648421872844884, 1.0], [0.0, 0.0, 0.0, 1.0]], 'mask_path': 'masks/102.png'}, {'file_path': 'images/103.png', 'transform_matrix': [[0.9297764858882515, -0.28155718806847296, 0.23715234794593276, 0.22087473161080676], [0.3681245526846779, 0.7111322811524555, -0.598978457386917, -0.5578658915329509], [0.0, 0.644217687237691, 0.7648421872844884, 1.0], [0.0, 0.0, 0.0, 1.0]], 'mask_path': 'masks/103.png'}, {'file_path': 'images/104.png', 'transform_matrix': [[0.8763066800438635, -0.36846553383229447, 0.3103542377480673, 0.28905220446102914], [0.48175367410171527, 0.6702363178967569, -0.564532262728797, -0.5257840080263181], [0.0, 0.644217687237691, 0.7648421872844884, 1.0], [0.0, 0.0, 0.0, 1.0]], 'mask_path': 'masks/104.png'}, {'file_path': 'images/105.png', 'transform_matrix': [[0.8090169943749473, -0.4495629580169399, 0.3786616558242797, 0.3526711513754838], [0.587785252292473, 0.6187703275280574, -0.5211830570522167, -0.48541019662496837], [0.0, 0.6442176872376909, 0.7648421872844883, 0.9999999999999999], [0.0, 0.0, 0.0, 1.0]], 'mask_path': 'masks/105.png'}, {'file_path': 'images/106.png', 'transform_matrix': [[0.7289686274214117, -0.5235705057977645, 0.4409973533866345, 0.41072826355721315], [0.6845471059286886, 0.5575459594587637, -0.4696144832262559, -0.43738117645284696], [0.0, 0.644217687237691, 0.7648421872844884, 1.0], [0.0, 0.0, 0.0, 1.0]], 'mask_path': 'masks/106.png'}, {'file_path': 'images/107.png', 'transform_matrix': [[0.6374239897486899, -0.5893210339362986, 0.4963782592470325, 0.4623079456654735], [0.7705132427757893, 0.48752875854699323, -0.4106398084657226, -0.3824543938492139], [0.0, 0.6442176872376911, 0.7648421872844886, 1.0000000000000002], [0.0, 0.0, 0.0, 1.0]], 'mask_path': 'masks/107.png'}, {'file_path': 'images/108.png', 'transform_matrix': [[0.5358267949789965, -0.6457776173263359, 0.5439309834371057, 0.5065967553012091], [0.8443279255020152, 0.40982293787737284, -0.3451890986213536, -0.3214960769873979], [0.0, 0.644217687237691, 0.7648421872844884, 1.0], [0.0, 0.0, 0.0, 1.0]], 'mask_path': 'masks/108.png'}, {'file_path': 'images/109.png', 'transform_matrix': [[0.4257792915650726, -0.692049901922287, 0.582905591089756, 0.5428962314796117], [0.9048270524660196, 0.32565396466107005, -0.2742945504857536, -0.25546757493904354], [0.0, 0.644217687237691, 0.7648421872844884, 1.0], [0.0, 0.0, 0.0, 1.0]], 'mask_path': 'masks/109.png'}, {'file_path': 'images/110.png', 'transform_matrix': [[0.30901699437494745, -0.727408146154351, 0.6126874293599993, 0.5706339097770922], [0.9510565162951536, 0.23634923388581325, -0.19907421343337123, -0.18541019662496847], [0.0, 0.644217687237691, 0.7648421872844884, 1.0], [0.0, 0.0, 0.0, 1.0]], 'mask_path': 'masks/110.png'}, {'file_path': 'images/111.png', 'transform_matrix': [[0.1873813145857247, -0.7512947293889969, 0.6328068208675057, 0.5893723504372131], [0.9822872507286886, 0.1433171345039885, -0.1207143571139738, -0.11242878875143482], [0.0, 0.6442176872376909, 0.7648421872844883, 0.9999999999999999], [0.0, 0.0, 0.0, 1.0]], 'mask_path': 'masks/111.png'}, {'file_path': 'images/112.png', 'transform_matrix': [[0.06279051952931353, -0.7633329459394613, 0.6429464707894602, 0.598816037056963], [0.9980267284282716, 0.04802483829752954, -0.04045076327162743, -0.037674311717588116], [0.0, 0.644217687237691, 0.7648421872844884, 1.0], [0.0, 0.0, 0.0, 1.0]], 'mask_path': 'masks/112.png'}, {'file_path': 'images/113.png', 'transform_matrix': [[-0.06279051952931353, -0.7633329459394613, 0.6429464707894602, 0.598816037056963], [0.9980267284282716, -0.04802483829752954, 0.04045076327162743, 0.037674311717588116], [0.0, 0.644217687237691, 0.7648421872844884, 1.0], [0.0, 0.0, 0.0, 1.0]], 'mask_path': 'masks/113.png'}, {'file_path': 'images/114.png', 'transform_matrix': [[-0.18738131458572455, -0.7512947293889969, 0.6328068208675057, 0.5893723504372133], [0.9822872507286887, -0.14331713450398836, 0.12071435711397369, 0.11242878875143472], [0.0, 0.644217687237691, 0.7648421872844884, 1.0], [0.0, 0.0, 0.0, 1.0]], 'mask_path': 'masks/114.png'}, {'file_path': 'images/115.png', 'transform_matrix': [[-0.3090169943749472, -0.727408146154351, 0.6126874293599993, 0.5706339097770922], [0.9510565162951536, -0.23634923388581303, 0.19907421343337103, 0.1854101966249683], [0.0, 0.644217687237691, 0.7648421872844884, 1.0], [0.0, 0.0, 0.0, 1.0]], 'mask_path': 'masks/115.png'}, {'file_path': 'images/116.png', 'transform_matrix': [[-0.4257792915650727, -0.6920499019222868, 0.5829055910897559, 0.5428962314796116], [0.9048270524660194, -0.3256539646610701, 0.2742945504857537, 0.25546