{
 "cells": [
  {
   "cell_type": "code",
   "execution_count": 1,
   "metadata": {},
   "outputs": [],
   "source": [
    "%load_ext autoreload\n",
    "%autoreload 2\n",
    "%matplotlib inline"
   ]
  },
  {
   "cell_type": "code",
   "execution_count": 2,
   "metadata": {},
   "outputs": [
    {
     "name": "stderr",
     "output_type": "stream",
     "text": [
      "/home/user/.local/lib/python3.10/site-packages/tinycudann/modules.py:31: UserWarning: System has multiple GPUs with different compute capabilities: [61, 52]. Using compute capability 52 for best compatibility. This may result in suboptimal performance.\n",
      "  warnings.warn(\n"
     ]
    },
    {
     "name": "stdout",
     "output_type": "stream",
     "text": [
      "Jupyter environment detected. Enabling Open3D WebVisualizer.\n",
      "[Open3D INFO] WebRTC GUI backend enabled.\n",
      "[Open3D INFO] WebRTCWindowSystem: HTTP handshake server disabled.\n"
     ]
    }
   ],
   "source": [
    "import sys\n",
    "import os\n",
    "import json\n",
    "import torch\n",
    "import yaml\n",
    "import numpy as np\n",
    "import cv2\n",
    "import copy\n",
    "from pathlib import Path\n",
    "import matplotlib.pyplot as plt\n",
    "from PIL import Image\n",
    "from segment_anything import SamPredictor, sam_model_registry\n",
    "from nerfstudio.utils.eval_utils import eval_setup\n",
    "from plane_nerf.inerf_utils import get_intrinsic, get_extrinsic, get_footprint, get_footprint_mask"
   ]
  },
  {
   "cell_type": "code",
   "execution_count": 3,
   "metadata": {},
   "outputs": [],
   "source": [
    "os.chdir('/workspace/plane-nerf')\n",
    "MODEL_PATH = \"/workspace/plane-nerf/outputs/jackal_floor_training_data_1/plane-nerf/2024-03-11_145657\"\n",
    "DATA_PATH = \"/workspace/plane-nerf/data/jackal_floor_evaluation_data\"\n",
    "if not os.path.exists(os.path.join(DATA_PATH,\"footprint_masks\")):\n",
    "    os.makedirs(os.path.join(DATA_PATH,\"footprint_masks\"))\n",
    "with open(f\"{DATA_PATH}/transforms.json\", \"r\") as f:\n",
    "    transforms = json.load(f)"
   ]
  },
  {
   "cell_type": "code",
   "execution_count": 4,
   "metadata": {},
   "outputs": [
    {
     "name": "stderr",
     "output_type": "stream",
     "text": [
      "tiny-cuda-nn warning: FullyFusedMLP is not supported for the selected architecture 52. Falling back to CutlassMLP. For maximum performance, raise the target GPU architecture to 75+.\n",
      "tiny-cuda-nn warning: FullyFusedMLP is not supported for the selected architecture 52. Falling back to CutlassMLP. For maximum performance, raise the target GPU architecture to 75+.\n",
      "tiny-cuda-nn warning: FullyFusedMLP is not supported for the selected architecture 52. Falling back to CutlassMLP. For maximum performance, raise the target GPU architecture to 75+.\n",
      "tiny-cuda-nn warning: FullyFusedMLP is not supported for the selected architecture 52. Falling back to CutlassMLP. For maximum performance, raise the target GPU architecture to 75+.\n",
      "tiny-cuda-nn warning: FullyFusedMLP is not supported for the selected architecture 52. Falling back to CutlassMLP. For maximum performance, raise the target GPU architecture to 75+.\n",
      "tiny-cuda-nn warning: FullyFusedMLP is not supported for the selected architecture 52. Falling back to CutlassMLP. For maximum performance, raise the target GPU architecture to 75+.\n",
      "tiny-cuda-nn warning: FullyFusedMLP is not supported for the selected architecture 52. Falling back to CutlassMLP. For maximum performance, raise the target GPU architecture to 75+.\n",
      "tiny-cuda-nn warning: FullyFusedMLP is not supported for the selected architecture 52. Falling back to CutlassMLP. For maximum performance, raise the target GPU architecture to 75+.\n"
     ]
    },
    {
     "data": {
      "text/html": [
       "<pre style=\"white-space:pre;overflow-x:auto;line-height:normal;font-family:Menlo,'DejaVu Sans Mono',consolas,'Courier New',monospace\">Loading latest checkpoint from load_dir\n",
       "</pre>\n"
      ],
      "text/plain": [
       "Loading latest checkpoint from load_dir\n"
      ]
     },
     "metadata": {},
     "output_type": "display_data"
    },
    {
     "data": {
      "text/html": [
       "<pre style=\"white-space:pre;overflow-x:auto;line-height:normal;font-family:Menlo,'DejaVu Sans Mono',consolas,'Courier New',monospace\">✅ Done loading checkpoint from \n",
       "outputs/jackal_floor_training_data_1/plane-nerf/<span style=\"color: #008080; text-decoration-color: #008080; font-weight: bold\">2024</span>-<span style=\"color: #008080; text-decoration-color: #008080; font-weight: bold\">03</span>-11_145657/nerfstudio_models/step-<span style=\"color: #008080; text-decoration-color: #008080; font-weight: bold\">000009999.</span>ckpt\n",
       "</pre>\n"
      ],
      "text/plain": [
       "✅ Done loading checkpoint from \n",
       "outputs/jackal_floor_training_data_1/plane-nerf/\u001b[1;36m2024\u001b[0m-\u001b[1;36m03\u001b[0m-11_145657/nerfstudio_models/step-\u001b[1;36m000009999.\u001b[0mckpt\n"
      ]
     },
     "metadata": {},
     "output_type": "display_data"
    },
    {
     "data": {
      "text/html": [
       "<pre style=\"white-space:pre;overflow-x:auto;line-height:normal;font-family:Menlo,'DejaVu Sans Mono',consolas,'Courier New',monospace\">Setting up training dataset<span style=\"color: #808000; text-decoration-color: #808000\">...</span>\n",
       "</pre>\n"
      ],
      "text/plain": [
       "Setting up training dataset\u001b[33m...\u001b[0m\n"
      ]
     },
     "metadata": {},
     "output_type": "display_data"
    },
    {
     "data": {
      "text/html": [
       "<pre style=\"white-space:pre;overflow-x:auto;line-height:normal;font-family:Menlo,'DejaVu Sans Mono',consolas,'Courier New',monospace\">Caching all <span style=\"color: #008080; text-decoration-color: #008080; font-weight: bold\">300</span> images.\n",
       "</pre>\n"
      ],
      "text/plain": [
       "Caching all \u001b[1;36m300\u001b[0m images.\n"
      ]
     },
     "metadata": {},
     "output_type": "display_data"
    }
   ],
   "source": [
    "config_path = os.path.join(MODEL_PATH, \"config.yml\")\n",
    "config, pipeline, checkpoint_path, _ = eval_setup(\n",
    "                        Path(config_path),\n",
    "                        test_mode=\"inference\",\n",
    "                    )\n",
    "\n",
    "pipeline.eval()\n",
    "pipeline.datamanager.setup_train()\n",
    "for camera, batch in pipeline.datamanager.fixed_indices_train_dataloader:\n",
    "    break\n"
   ]
  },
  {
   "cell_type": "code",
   "execution_count": 5,
   "metadata": {},
   "outputs": [],
   "source": [
    "from segment_anything import SamPredictor, sam_model_registry\n",
    "from plane_nerf.inerf_utils import get_intrinsic, get_extrinsic, get_footprint, get_image_with_footprint\n",
    "\n",
    "sam = sam_model_registry[\"default\"](checkpoint=\"/stored_data/sam_vit_h_4b8939.pth\")\n",
    "predictor = SamPredictor(sam)\n",
    "\n",
    "footprint_camera =  copy.deepcopy(camera)\n",
    "R_t = np.zeros((1,3,4))\n",
    "R_t[0,0,0] = 1\n",
    "R_t[0,1,1] = 1\n",
    "R_t[0,2,2] = 1\n",
    "R_t[0,2,0] = 0\n",
    "footprint_camera.camera_to_worlds = torch.from_numpy(R_t).float().to(pipeline.device)\n",
    "\n",
    "footprint_output = pipeline.model.get_outputs_for_camera(camera=footprint_camera)    \n",
    "footprint_output = footprint_output[\"rgb\"].reshape(camera.height, camera.width, 3).cpu().numpy()\n",
    "footprint_output = (footprint_output * 255).astype(np.uint8)\n",
    "H,W = footprint_output.shape[:2]\n",
    "predictor.set_image(footprint_output)\n",
    "input_point = np.array([[W//2, H//2]])\n",
    "input_label = np.array([1])\n",
    "masks, _, _ = predictor.predict(\n",
    "    point_coords=input_point,\n",
    "    point_labels=input_label,\n",
    "    multimask_output=True,\n",
    ")\n"
   ]
  },
  {
   "cell_type": "code",
   "execution_count": 6,
   "metadata": {},
   "outputs": [],
   "source": [
    "intrinsic = get_intrinsic(pipeline,0)\n",
    "footprint_extrinsic = get_extrinsic(footprint_camera,0,pipeline)\n",
    "mask = masks[-1]\n",
    "mask = mask.astype(np.uint8)\n",
    "footprint = get_footprint(intrinsic,footprint_extrinsic,mask)"
   ]
  },
  {
   "cell_type": "code",
   "execution_count": 7,
   "metadata": {},
   "outputs": [
    {
     "name": "stdout",
     "output_type": "stream",
     "text": [
      "tensor([[[ 7.7162e-01,  4.4966e-01, -4.4989e-01, -4.7102e-01],\n",
      "         [-6.3608e-01,  5.4622e-01, -5.4502e-01, -4.7795e-01],\n",
      "         [ 6.6004e-04,  7.0672e-01,  7.0749e-01,  6.1792e-05]]])\n",
      "tensor([[[-6.5298e-01,  5.3546e-01, -5.3562e-01, -5.5888e-01],\n",
      "         [-7.5737e-01, -4.6153e-01,  4.6193e-01,  4.4780e-01],\n",
      "         [ 1.3643e-04,  7.0729e-01,  7.0692e-01, -4.7109e-04]]])\n",
      "tensor([[[-6.7364e-01, -5.2310e-01,  5.2210e-01,  5.7623e-01],\n",
      "         [ 7.3906e-01, -4.7614e-01,  4.7652e-01,  5.7796e-01],\n",
      "         [-6.7479e-04,  7.0686e-01,  7.0735e-01, -7.1866e-05]]])\n",
      "tensor([[[-8.6796e-02,  7.0443e-01, -7.0445e-01, -9.5243e-01],\n",
      "         [-9.9623e-01, -6.1019e-02,  6.1729e-02,  4.9244e-02],\n",
      "         [ 4.9851e-04,  7.0715e-01,  7.0706e-01, -4.1993e-04]]])\n",
      "tensor([[[ 9.9116e-01,  9.3548e-02, -9.4058e-02, -1.9218e-01],\n",
      "         [-1.3266e-01,  7.0152e-01, -7.0020e-01, -9.6013e-01],\n",
      "         [ 4.8072e-04,  7.0649e-01,  7.0773e-01,  4.3564e-04]]])\n",
      "tensor([[[-6.5518e-01,  5.3412e-01, -5.3428e-01, -5.3764e-01],\n",
      "         [-7.5548e-01, -4.6309e-01,  4.6347e-01,  7.5741e-01],\n",
      "         [ 1.3451e-04,  7.0729e-01,  7.0692e-01, -6.2839e-04]]])\n",
      "tensor([[[-6.9647e-01,  5.0732e-01, -5.0750e-01, -4.9255e-01],\n",
      "         [-7.1758e-01, -4.9230e-01,  4.9267e-01,  8.3316e-01],\n",
      "         [ 9.7120e-05,  7.0730e-01,  7.0691e-01, -6.5044e-04]]])\n",
      "tensor([[[-9.0263e-01,  3.0417e-01, -3.0452e-01, -7.3382e-02],\n",
      "         [-4.3041e-01, -6.3813e-01,  6.3838e-01,  8.8711e-01],\n",
      "         [-1.4211e-04,  7.0729e-01,  7.0692e-01, -5.0615e-04]]])\n",
      "tensor([[[-2.2192e-01,  6.8946e-01, -6.8949e-01, -7.6372e-01],\n",
      "         [-9.7506e-01, -1.5661e-01,  1.5724e-01,  2.3098e-01],\n",
      "         [ 4.3132e-04,  7.0719e-01,  7.0702e-01, -4.3944e-04]]])\n",
      "tensor([[[ 7.9853e-01, -4.2611e-01,  4.2519e-01,  4.9676e-01],\n",
      "         [ 6.0196e-01,  5.6525e-01, -5.6404e-01, -7.2702e-01],\n",
      "         [ 7.0693e-06,  7.0635e-01,  7.0787e-01,  5.9523e-04]]])\n",
      "tensor([[[-4.9644e-01, -6.1436e-01,  6.1328e-01,  5.2336e-01],\n",
      "         [ 8.6807e-01, -3.5079e-01,  3.5127e-01,  6.2919e-01],\n",
      "         [-6.7077e-04,  7.0676e-01,  7.0745e-01, -1.2120e-04]]])\n",
      "tensor([[[ 8.7434e-02,  7.0439e-01, -7.0441e-01, -1.0934e+00],\n",
      "         [-9.9617e-01,  6.2229e-02, -6.1421e-02,  2.1931e-02],\n",
      "         [ 5.7048e-04,  7.0708e-01,  7.0713e-01, -4.6356e-04]]])\n",
      "tensor([[[-9.6035e-01,  1.9692e-01, -1.9735e-01, -4.0910e-01],\n",
      "         [-2.7879e-01, -6.7896e-01,  6.7918e-01,  6.2898e-01],\n",
      "         [-2.4728e-04,  7.0727e-01,  7.0694e-01, -5.0639e-04]]])\n",
      "tensor([[[-8.4975e-01,  3.7264e-01, -3.7292e-01, -5.0715e-01],\n",
      "         [-5.2719e-01, -6.0072e-01,  6.0100e-01,  1.1763e+00],\n",
      "         [-6.8339e-05,  7.0730e-01,  7.0691e-01, -8.4050e-04]]])\n",
      "tensor([[[ 7.2752e-01, -4.8562e-01,  4.8465e-01,  8.8734e-01],\n",
      "         [ 6.8608e-01,  5.1502e-01, -5.1385e-01, -6.8563e-01],\n",
      "         [-6.7397e-05,  7.0635e-01,  7.0786e-01,  7.3444e-04]]])\n",
      "tensor([[[ 3.4679e-01,  6.6320e-01, -6.6325e-01, -7.0702e-01],\n",
      "         [-9.3794e-01,  2.4569e-01, -2.4474e-01, -3.8613e-01],\n",
      "         [ 6.4641e-04,  7.0697e-01,  7.0725e-01, -8.5033e-05]]])\n",
      "tensor([[[-8.1801e-01, -4.0719e-01,  4.0628e-01,  3.5363e-01],\n",
      "         [ 5.7521e-01, -5.7827e-01,  5.7857e-01,  7.3517e-01],\n",
      "         [-6.4655e-04,  7.0697e-01,  7.0725e-01, -2.4820e-04]]])\n",
      "tensor([[[ 7.2610e-01,  4.8610e-01, -4.8630e-01, -5.7632e-01],\n",
      "         [-6.8759e-01,  5.1401e-01, -5.1284e-01, -6.8180e-01],\n",
      "         [ 6.6886e-04,  7.0675e-01,  7.0746e-01,  1.2763e-04]]])\n",
      "tensor([[[ 8.3960e-01, -3.8455e-01,  3.8366e-01,  2.2723e-01],\n",
      "         [ 5.4321e-01,  5.9430e-01, -5.9307e-01, -7.3306e-01],\n",
      "         [ 5.5554e-05,  7.0635e-01,  7.0787e-01,  4.8712e-04]]])\n",
      "tensor([[[-3.3546e-01,  6.6611e-01, -6.6616e-01, -9.0524e-01],\n",
      "         [-9.4205e-01, -2.3692e-01,  2.3749e-01,  1.7092e-02],\n",
      "         [ 3.6670e-04,  7.0723e-01,  7.0699e-01, -3.8321e-04]]])\n",
      "tensor([[[-7.3832e-01, -4.7739e-01,  4.7643e-01,  1.0296e+00],\n",
      "         [ 6.7445e-01, -5.2190e-01,  5.2224e-01,  7.0612e-01],\n",
      "         [-6.6686e-04,  7.0691e-01,  7.0731e-01,  4.6721e-05]]])\n",
      "tensor([[[ 2.9916e-01,  6.7470e-01, -6.7475e-01, -5.6903e-01],\n",
      "         [-9.5420e-01,  2.1200e-01, -2.1108e-01, -4.5508e-01],\n",
      "         [ 6.3545e-04,  7.0699e-01,  7.0722e-01,  8.9634e-06]]])\n",
      "tensor([[[-8.9840e-01, -3.1096e-01,  3.1013e-01,  6.7989e-01],\n",
      "         [ 4.3918e-01, -6.3514e-01,  6.3539e-01,  7.3575e-01],\n",
      "         [-6.0680e-04,  7.0704e-01,  7.0718e-01, -1.1367e-04]]])\n",
      "tensor([[[-9.7751e-01,  1.4889e-01, -1.4936e-01, -2.5416e-01],\n",
      "         [-2.1089e-01, -6.9110e-01,  6.9131e-01,  6.3468e-01],\n",
      "         [-2.9079e-04,  7.0726e-01,  7.0696e-01, -4.4547e-04]]])\n",
      "tensor([[[ 8.8755e-01,  3.2561e-01, -3.2593e-01, -1.4694e-01],\n",
      "         [-4.6071e-01,  6.2822e-01, -6.2697e-01, -6.8689e-01],\n",
      "         [ 6.1387e-04,  7.0662e-01,  7.0759e-01,  3.0777e-04]]])\n",
      "tensor([[[-7.2436e-01, -4.8798e-01,  4.8701e-01,  9.6136e-01],\n",
      "         [ 6.8942e-01, -5.1202e-01,  5.1237e-01,  7.4184e-01],\n",
      "         [-6.6912e-04,  7.0690e-01,  7.0731e-01, -6.3458e-07]]])\n",
      "tensor([[[-8.2224e-01,  4.0231e-01, -4.0257e-01, -3.3744e-01],\n",
      "         [-5.6913e-01, -5.8127e-01,  5.8156e-01,  1.1936e+00],\n",
      "         [-3.4476e-05,  7.0730e-01,  7.0691e-01, -7.7966e-04]]])\n",
      "tensor([[[ 9.9241e-01, -8.7293e-02,  8.6640e-02,  6.1972e-01],\n",
      "         [ 1.2299e-01,  7.0240e-01, -7.0108e-01, -1.1410e+00],\n",
      "         [ 3.4410e-04,  7.0641e-01,  7.0780e-01,  8.6818e-04]]])\n",
      "tensor([[[-2.0077e-01, -6.9328e-01,  6.9214e-01,  1.2071e+00],\n",
      "         [ 9.7964e-01, -1.4164e-01,  1.4229e-01,  2.1239e-01],\n",
      "         [-6.0844e-04,  7.0661e-01,  7.0760e-01,  3.8487e-04]]])\n",
      "tensor([[[ 9.9076e-01,  9.5642e-02, -9.6150e-02, -2.8229e-02],\n",
      "         [-1.3562e-01,  7.0123e-01, -6.9992e-01, -1.0098e+00],\n",
      "         [ 4.8214e-04,  7.0649e-01,  7.0772e-01,  5.3003e-04]]])\n",
      "tensor([[[ 8.4562e-01,  3.7730e-01, -3.7759e-01, -3.5491e-01],\n",
      "         [-5.3379e-01,  5.9856e-01, -5.9732e-01, -1.1250e+00],\n",
      "         [ 6.3574e-04,  7.0666e-01,  7.0755e-01,  4.5682e-04]]])\n",
      "tensor([[[ 9.9051e-01,  9.6913e-02, -9.7420e-02, -2.1624e-01],\n",
      "         [-1.3741e-01,  7.0106e-01, -6.9974e-01, -7.1109e-01],\n",
      "         [ 4.8300e-04,  7.0649e-01,  7.0772e-01,  2.9206e-04]]])\n",
      "tensor([[[-1.9346e-01, -6.9432e-01,  6.9318e-01,  1.0816e+00],\n",
      "         [ 9.8111e-01, -1.3647e-01,  1.3712e-01,  4.0109e-01],\n",
      "         [-6.0621e-04,  7.0661e-01,  7.0760e-01,  2.3178e-04]]])\n",
      "tensor([[[-4.2053e-01,  6.4151e-01, -6.4158e-01, -8.3582e-01],\n",
      "         [-9.0728e-01, -2.9710e-01,  2.9762e-01,  3.5310e-01],\n",
      "         [ 3.1290e-04,  7.0725e-01,  7.0696e-01, -5.3479e-04]]])\n",
      "tensor([[[-6.4889e-01,  5.3795e-01, -5.3810e-01, -7.1488e-01],\n",
      "         [-7.6088e-01, -4.5864e-01,  4.5903e-01,  2.3061e-01],\n",
      "         [ 1.4001e-04,  7.0729e-01,  7.0692e-01, -4.1906e-04]]])\n",
      "tensor([[[-1.4471e-01, -7.0023e-01,  6.9909e-01,  1.1552e+00],\n",
      "         [ 9.8947e-01, -1.0199e-01,  1.0267e-01, -2.6481e-02],\n",
      "         [-5.9055e-04,  7.0659e-01,  7.0762e-01,  4.9156e-04]]])\n",
      "tensor([[[-5.2645e-01, -6.0172e-01,  6.0065e-01,  5.5040e-01],\n",
      "         [ 8.5020e-01, -3.7203e-01,  3.7249e-01,  6.1170e-01],\n",
      "         [-6.7359e-04,  7.0678e-01,  7.0744e-01, -1.0066e-04]]])\n",
      "tensor([[[ 9.6672e-01,  1.8068e-01, -1.8112e-01, -3.2273e-01],\n",
      "         [-2.5583e-01,  6.8423e-01, -6.8292e-01, -1.0230e+00],\n",
      "         [ 5.3669e-04,  7.0653e-01,  7.0768e-01,  4.1541e-04]]])\n",
      "tensor([[[-1.2340e-01,  7.0169e-01, -7.0172e-01, -6.8290e-01],\n",
      "         [-9.9236e-01, -8.6910e-02,  8.7599e-02,  3.8557e-02],\n",
      "         [ 4.8131e-04,  7.0716e-01,  7.0705e-01, -3.0285e-04]]])\n",
      "tensor([[[-1.7862e-01, -6.9630e-01,  6.9517e-01,  1.0862e+00],\n",
      "         [ 9.8392e-01, -1.2597e-01,  1.2663e-01,  3.7451e-01],\n",
      "         [-6.0158e-04,  7.0661e-01,  7.0761e-01,  2.4796e-04]]])\n",
      "tensor([[[ 6.9266e-01,  5.0992e-01, -5.1010e-01, -9.0060e-01],\n",
      "         [-7.2127e-01,  4.9036e-01, -4.8921e-01, -7.1308e-01],\n",
      "         [ 6.7310e-04,  7.0677e-01,  7.0744e-01,  1.0391e-05]]])\n",
      "tensor([[[-5.4603e-01, -5.9292e-01,  5.9186e-01,  9.8443e-01],\n",
      "         [ 8.3776e-01, -3.8588e-01,  3.8633e-01,  2.1096e-01],\n",
      "         [-6.7500e-04,  7.0679e-01,  7.0743e-01,  2.9365e-04]]])\n",
      "tensor([[[-3.7064e-01,  6.5671e-01, -6.5677e-01, -9.6143e-01],\n",
      "         [-9.2878e-01, -2.6181e-01,  2.6236e-01,  1.6934e-01],\n",
      "         [ 3.4504e-04,  7.0724e-01,  7.0698e-01, -4.8807e-04]]])\n",
      "tensor([[[-3.8042e-02,  7.0658e-01, -7.0661e-01, -9.3577e-01],\n",
      "         [-9.9928e-01, -2.6531e-02,  2.7268e-02,  2.0701e-01],\n",
      "         [ 5.2029e-04,  7.0713e-01,  7.0708e-01, -4.9767e-04]]])\n",
      "tensor([[[ 9.7784e-01, -1.4837e-01,  1.4767e-01,  1.5896e-02],\n",
      "         [ 2.0933e-01,  6.9210e-01, -6.9079e-01, -1.2329e+00],\n",
      "         [ 2.9177e-04,  7.0639e-01,  7.0782e-01,  6.6789e-04]]])\n",
      "tensor([[[ 3.0994e-01,  6.7226e-01, -6.7231e-01, -1.0400e+00],\n",
      "         [-9.5075e-01,  2.1963e-01, -2.1870e-01,  7.6792e-02],\n",
      "         [ 6.3806e-04,  7.0699e-01,  7.0723e-01, -4.7094e-04]]])\n",
      "tensor([[[ 4.0313e-01, -6.4765e-01,  6.4655e-01,  6.7863e-01],\n",
      "         [ 9.1514e-01,  2.8555e-01, -2.8456e-01, -3.7503e-01],\n",
      "         [-3.2430e-04,  7.0640e-01,  7.0781e-01,  4.8164e-04]]])\n",
      "tensor([[[-5.5989e-01,  5.8583e-01, -5.8594e-01, -5.5318e-01],\n",
      "         [-8.2857e-01, -3.9568e-01,  3.9612e-01,  4.6227e-01],\n",
      "         [ 2.1309e-04,  7.0728e-01,  7.0693e-01, -4.7649e-04]]])\n",
      "tensor([[[-5.1350e-01, -6.0729e-01,  6.0623e-01,  1.1089e+00],\n",
      "         [ 8.5809e-01, -3.6287e-01,  3.6334e-01,  3.2286e-01],\n",
      "         [-6.7246e-04,  7.0677e-01,  7.0744e-01,  2.8508e-04]]])\n",
      "tensor([[[ 9.7335e-01,  1.6193e-01, -1.6239e-01,  7.0161e-02],\n",
      "         [-2.2933e-01,  6.8892e-01, -6.8761e-01, -1.1910e+00],\n",
      "         [ 5.2521e-04,  7.0652e-01,  7.0769e-01,  6.6781e-04]]])\n",
      "tensor([[[-9.9794e-01,  4.5079e-02, -4.5627e-02, -2.3874e-01],\n",
      "         [-6.4139e-02, -7.0555e-01,  7.0575e-01,  1.0510e+00],\n",
      "         [-3.7796e-04,  7.0722e-01,  7.0699e-01, -6.6234e-04]]])\n",
      "tensor([[[-9.3420e-01, -2.5265e-01,  2.5187e-01,  4.7224e-01],\n",
      "         [ 3.5675e-01, -6.6046e-01,  6.6070e-01,  1.1680e+00],\n",
      "         [-5.7738e-04,  7.0708e-01,  7.0714e-01, -4.3135e-04]]])\n",
      "tensor([[[-9.8219e-01, -1.3322e-01,  1.3253e-01, -1.8221e-01],\n",
      "         [ 1.8791e-01, -6.9441e-01,  6.9461e-01,  1.1011e+00],\n",
      "         [-5.0665e-04,  7.0714e-01,  7.0707e-01, -6.6591e-04]]])\n",
      "tensor([[[ 4.7357e-01,  6.2274e-01, -6.2283e-01, -6.4283e-01],\n",
      "         [-8.8075e-01,  3.3538e-01, -3.3435e-01, -2.6661e-01],\n",
      "         [ 6.6812e-04,  7.0690e-01,  7.0731e-01, -1.2263e-04]]])\n",
      "tensor([[[ 5.1428e-01,  6.0638e-01, -6.0648e-01, -1.1148e+00],\n",
      "         [-8.5762e-01,  3.6417e-01, -3.6313e-01, -4.5338e-01],\n",
      "         [ 6.7254e-04,  7.0688e-01,  7.0733e-01, -2.1742e-04]]])\n",
      "tensor([[[ 4.4252e-01,  6.3406e-01, -6.3414e-01, -7.3607e-01],\n",
      "         [-8.9676e-01,  3.1341e-01, -3.1240e-01, -6.2758e-01],\n",
      "         [ 6.6388e-04,  7.0692e-01,  7.0729e-01,  3.2522e-05]]])\n",
      "tensor([[[ 4.4550e-01, -6.3360e-01,  6.3251e-01,  6.2983e-01],\n",
      "         [ 8.9528e-01,  3.1552e-01, -3.1451e-01, -6.2610e-01],\n",
      "         [-2.9614e-04,  7.0639e-01,  7.0782e-01,  5.9611e-04]]])\n",
      "tensor([[[ 9.9982e-01,  1.3269e-02, -1.3842e-02,  1.6982e-01],\n",
      "         [-1.9170e-02,  7.0764e-01, -7.0632e-01, -7.9919e-01],\n",
      "         [ 4.2342e-04,  7.0645e-01,  7.0776e-01,  4.9886e-04]]])\n",
      "tensor([[[-8.7043e-01,  3.4795e-01, -3.4826e-01, -3.9117e-01],\n",
      "         [-4.9230e-01, -6.1535e-01,  6.1562e-01,  5.8811e-01],\n",
      "         [-9.5602e-05,  7.0730e-01,  7.0691e-01, -4.7704e-04]]])\n",
      "tensor([[[-6.0248e-01, -5.6488e-01,  5.6385e-01,  7.8753e-01],\n",
      "         [ 7.9814e-01, -4.2581e-01,  4.2623e-01,  4.3618e-01],\n",
      "         [-6.7707e-04,  7.0682e-01,  7.0739e-01,  9.1458e-05]]])\n",
      "tensor([[[ 8.6043e-01,  3.6017e-01, -3.6047e-01, -2.8635e-01],\n",
      "         [-5.0957e-01,  6.0904e-01, -6.0779e-01, -1.2742e+00],\n",
      "         [ 6.2887e-04,  7.0665e-01,  7.0757e-01,  5.6517e-04]]])\n",
      "tensor([[[ 6.0987e-01,  5.6031e-01, -5.6045e-01, -7.0669e-01],\n",
      "         [-7.9250e-01,  4.3180e-01, -4.3069e-01, -6.1970e-01],\n",
      "         [ 6.7710e-04,  7.0683e-01,  7.0739e-01,  4.0375e-05]]])\n",
      "tensor([[[ 6.8526e-01,  5.1489e-01, -5.1507e-01, -6.7607e-01],\n",
      "         [-7.2829e-01,  4.8513e-01, -4.8398e-01, -9.7975e-01],\n",
      "         [ 6.7382e-04,  7.0678e-01,  7.0744e-01,  2.4622e-04]]])\n",
      "tensor([[[ 8.9904e-01, -3.1004e-01,  3.0921e-01,  2.4060e-01],\n",
      "         [ 4.3787e-01,  6.3635e-01, -6.3508e-01, -1.1935e+00],\n",
      "         [ 1.3662e-04,  7.0636e-01,  7.0786e-01,  7.3960e-04]]])\n",
      "tensor([[[-9.9540e-01,  6.7446e-02, -6.7976e-02,  3.2630e-01],\n",
      "         [-9.5758e-02, -7.0376e-01,  7.0396e-01,  1.2119e+00],\n",
      "         [-3.5995e-04,  7.0723e-01,  7.0698e-01, -5.1520e-04]]])\n",
      "tensor([[[-7.3015e-01,  4.8305e-01, -4.8325e-01, -8.2177e-01],\n",
      "         [-6.8328e-01, -5.1612e-01,  5.1647e-01,  7.6208e-01],\n",
      "         [ 6.4807e-05,  7.0730e-01,  7.0691e-01, -7.4832e-04]]])\n",
      "tensor([[[ 3.5541e-01, -6.6150e-01,  6.6039e-01,  1.1537e+00],\n",
      "         [ 9.3471e-01,  2.5179e-01, -2.5083e-01,  3.2421e-02],\n",
      "         [-3.5452e-04,  7.0642e-01,  7.0780e-01,  4.5935e-04]]])\n",
      "tensor([[[-2.7412e-01,  6.8000e-01, -6.8004e-01, -5.7525e-01],\n",
      "         [-9.6170e-01, -1.9353e-01,  1.9413e-01,  4.5450e-01],\n",
      "         [ 4.0259e-04,  7.0721e-01,  7.0700e-01, -4.8149e-04]]])\n",
      "tensor([[[ 9.2035e-01,  2.7637e-01, -2.7674e-01, -5.9079e-01],\n",
      "         [-3.9110e-01,  6.5142e-01, -6.5014e-01, -6.5417e-01],\n",
      "         [ 5.9009e-04,  7.0659e-01,  7.0762e-01,  1.0677e-04]]])\n",
      "tensor([[[-7.4241e-01, -4.7420e-01,  4.7324e-01,  4.7795e-01],\n",
      "         [ 6.6994e-01, -5.2479e-01,  5.2513e-01,  9.7309e-01],\n",
      "         [-6.6613e-04,  7.0691e-01,  7.0730e-01, -3.2443e-04]]])\n",
      "tensor([[[-1.4119e-02,  7.0703e-01, -7.0705e-01, -8.6296e-01],\n",
      "         [-9.9990e-01, -9.6082e-03,  1.0359e-02, -1.5478e-01],\n",
      "         [ 5.3051e-04,  7.0712e-01,  7.0709e-01, -2.7350e-04]]])\n",
      "tensor([[[-7.1722e-01, -4.9323e-01,  4.9225e-01,  1.1144e+00],\n",
      "         [ 6.9684e-01, -5.0698e-01,  5.0733e-01,  5.4635e-01],\n",
      "         [-6.7015e-04,  7.0689e-01,  7.0732e-01,  1.6745e-04]]])\n",
      "tensor([[[-9.6458e-01, -1.8690e-01,  1.8617e-01,  3.7568e-01],\n",
      "         [ 2.6380e-01, -6.8195e-01,  6.8217e-01,  1.0481e+00],\n",
      "         [-5.4008e-04,  7.0711e-01,  7.0710e-01, -4.0700e-04]]])\n",
      "tensor([[[-7.9161e-01, -4.3253e-01,  4.3160e-01,  5.6637e-01],\n",
      "         [ 6.1103e-01, -5.5960e-01,  5.5991e-01,  4.6044e-01],\n",
      "         [-6.5486e-04,  7.0695e-01,  7.0727e-01, -1.2930e-05]]])\n",
      "tensor([[[ 7.2689e-01, -4.8609e-01,  4.8512e-01,  5.2834e-01],\n",
      "         [ 6.8675e-01,  5.1457e-01, -5.1341e-01, -7.6692e-01],\n",
      "         [-6.8016e-05,  7.0635e-01,  7.0786e-01,  6.2974e-04]]])\n",
      "tensor([[[ 2.6766e-01, -6.8187e-01,  6.8074e-01,  1.0083e+00],\n",
      "         [ 9.6351e-01,  1.8972e-01, -1.8881e-01, -7.6833e-01],\n",
      "         [-4.0623e-04,  7.0644e-01,  7.0777e-01,  8.2876e-04]]])\n",
      "tensor([[[-7.4475e-01, -4.7237e-01,  4.7141e-01,  9.4580e-01],\n",
      "         [ 6.6735e-01, -5.2644e-01,  5.2678e-01,  7.3797e-01],\n",
      "         [-6.6570e-04,  7.0691e-01,  7.0730e-01, -4.9973e-06]]])\n",
      "tensor([[[ 7.8503e-01, -4.3849e-01,  4.3756e-01,  3.2529e-01],\n",
      "         [ 6.1946e-01,  5.5570e-01, -5.5450e-01, -1.1409e+00],\n",
      "         [-7.8976e-06,  7.0635e-01,  7.0787e-01,  7.4642e-04]]])\n",
      "tensor([[[ 6.1608e-01,  5.5691e-01, -5.5705e-01, -9.2756e-01],\n",
      "         [-7.8769e-01,  4.3618e-01, -4.3508e-01, -5.9712e-01],\n",
      "         [ 6.7709e-04,  7.0682e-01,  7.0739e-01, -6.2982e-05]]])\n",
      "tensor([[[-7.3530e-01,  4.7914e-01, -4.7934e-01, -7.4471e-01],\n",
      "         [-6.7774e-01, -5.1976e-01,  5.2011e-01,  9.3693e-01],\n",
      "         [ 5.9709e-05,  7.0730e-01,  7.0691e-01, -8.1028e-04]]])\n",
      "tensor([[[ 9.6362e-01,  1.8877e-01, -1.8920e-01, -2.8959e-01],\n",
      "         [-2.6727e-01,  6.8203e-01, -6.8073e-01, -1.0679e+00],\n",
      "         [ 5.4154e-04,  7.0654e-01,  7.0768e-01,  4.5317e-04]]])\n",
      "tensor([[[-8.6851e-01,  3.5034e-01, -3.5064e-01, -5.2218e-01],\n",
      "         [-4.9567e-01, -6.1400e-01,  6.1427e-01,  8.4399e-01],\n",
      "         [-9.3001e-05,  7.0730e-01,  7.0691e-01, -6.6845e-04]]])\n",
      "tensor([[[-9.7339e-01,  1.6179e-01, -1.6225e-01, -2.7087e-01],\n",
      "         [-2.2913e-01, -6.8819e-01,  6.8840e-01,  1.2819e+00],\n",
      "         [-2.7931e-04,  7.0726e-01,  7.0695e-01, -7.9949e-04]]])\n",
      "tensor([[[ 8.8907e-01, -3.2412e-01,  3.2327e-01,  5.8214e-01],\n",
      "         [ 4.5777e-01,  6.2930e-01, -6.2804e-01, -6.0688e-01],\n",
      "         [ 1.2182e-04,  7.0635e-01,  7.0786e-01,  5.6612e-04]]])\n",
      "tensor([[[-9.9072e-01,  9.5835e-02, -9.6343e-02, -1.3226e-01],\n",
      "         [-1.3589e-01, -7.0045e-01,  7.0065e-01,  9.3633e-01],\n",
      "         [-3.3649e-04,  7.0724e-01,  7.0697e-01, -5.5692e-04]]])\n",
      "tensor([[[ 7.8955e-01,  4.3382e-01, -4.3406e-01, -4.4960e-01],\n",
      "         [-6.1368e-01,  5.5890e-01, -5.5770e-01, -1.1697e+00],\n",
      "         [ 6.5543e-04,  7.0670e-01,  7.0751e-01,  4.4167e-04]]])\n",
      "tensor([[[ 4.8211e-02, -7.0686e-01,  7.0571e-01,  1.1957e+00],\n",
      "         [ 9.9884e-01,  3.4483e-02, -3.3697e-02,  1.5948e-01],\n",
      "         [-5.1586e-04,  7.0651e-01,  7.0770e-01,  4.0859e-04]]])\n",
      "tensor([[[-4.8937e-01, -6.1719e-01,  6.1611e-01,  9.1877e-01],\n",
      "         [ 8.7208e-01, -3.4580e-01,  3.4628e-01,  4.1584e-01],\n",
      "         [-6.7000e-04,  7.0676e-01,  7.0746e-01,  1.5658e-04]]])\n",
      "tensor([[[-8.9357e-01,  3.1727e-01, -3.1760e-01, -4.1650e-01],\n",
      "         [-4.4892e-01, -6.3172e-01,  6.3198e-01,  7.5124e-01],\n",
      "         [-1.2843e-04,  7.0730e-01,  7.0692e-01, -5.7509e-04]]])\n",
      "tensor([[[ 7.5405e-01,  4.6433e-01, -4.6454e-01, -6.0503e-01],\n",
      "         [-6.5681e-01,  5.3379e-01, -5.3260e-01, -4.7242e-01],\n",
      "         [ 6.6390e-04,  7.0673e-01,  7.0748e-01,  3.4109e-06]]])\n",
      "tensor([[[ 9.0216e-01, -3.0546e-01,  3.0463e-01,  3.3114e-01],\n",
      "         [ 4.3140e-01,  6.3856e-01, -6.3729e-01, -9.1412e-01],\n",
      "         [ 1.4138e-04,  7.0636e-01,  7.0786e-01,  6.2720e-04]]])\n",
      "tensor([[[ 3.1763e-01, -6.7105e-01,  6.6993e-01,  1.0282e+00],\n",
      "         [ 9.4821e-01,  2.2507e-01, -2.2413e-01, -9.9189e-02],\n",
      "         [-3.7738e-04,  7.0643e-01,  7.0779e-01,  4.7807e-04]]])\n",
      "tensor([[[-2.4120e-01,  6.8621e-01, -6.8625e-01, -9.9761e-01],\n",
      "         [-9.7048e-01, -1.7024e-01,  1.7086e-01, -1.2963e-01],\n",
      "         [ 4.2090e-04,  7.0720e-01,  7.0701e-01, -3.4267e-04]]])\n",
      "tensor([[[ 9.9623e-01,  6.1047e-02, -6.1583e-02, -1.3729e-01],\n",
      "         [-8.6712e-02,  7.0510e-01, -7.0378e-01, -7.8275e-01],\n",
      "         [ 4.5817e-04,  7.0647e-01,  7.0774e-01,  3.6314e-04]]])\n",
      "tensor([[[-9.3801e-01,  2.4489e-01, -2.4528e-01, -5.0373e-01],\n",
      "         [-3.4660e-01, -6.6316e-01,  6.6339e-01,  5.6009e-01],\n",
      "         [-2.0168e-04,  7.0728e-01,  7.0693e-01, -5.0853e-04]]])\n",
      "tensor([[[-3.0580e-01, -6.7379e-01,  6.7267e-01,  7.7656e-01],\n",
      "         [ 9.5210e-01, -2.1594e-01,  2.1652e-01, -5.2951e-02],\n",
      "         [-6.3706e-04,  7.0666e-01,  7.0755e-01,  3.4933e-04]]])\n",
      "tensor([[[-3.5466e-01,  6.6111e-01, -6.6117e-01, -7.8669e-01],\n",
      "         [-9.3499e-01, -2.5050e-01,  2.5106e-01,  4.1217e-02],\n",
      "         [ 3.5498e-04,  7.0723e-01,  7.0698e-01, -3.4719e-04]]])\n",
      "tensor([[[-9.8511e-01,  1.2131e-01, -1.2179e-01, -4.6870e-01],\n",
      "         [-1.7190e-01, -6.9648e-01,  6.9668e-01,  1.0532e+00],\n",
      "         [-3.1485e-04,  7.0725e-01,  7.0696e-01, -7.5856e-04]]])\n",
      "tensor([[[-9.2922e-01, -2.6170e-01,  2.6090e-01,  7.2326e-01],\n",
      "         [ 3.6953e-01, -6.5694e-01,  6.5717e-01,  8.5090e-01],\n",
      "         [-5.8218e-04,  7.0707e-01,  7.0714e-01, -1.5753e-04]]])\n",
      "tensor([[[ 7.3562e-01,  4.7889e-01, -4.7909e-01, -4.4814e-01],\n",
      "         [-6.7739e-01,  5.2075e-01, -5.1958e-01, -1.0104e+00],\n",
      "         [ 6.6732e-04,  7.0674e-01,  7.0747e-01,  3.5679e-04]]])\n",
      "tensor([[[-8.7387e-01,  3.4361e-01, -3.4392e-01, -4.6556e-01],\n",
      "         [-4.8616e-01, -6.1779e-01,  6.1805e-01,  9.9948e-01],\n",
      "         [-1.0032e-04,  7.0730e-01,  7.0691e-01, -7.2849e-04]]])\n",
      "tensor([[[ 8.6825e-01, -3.5124e-01,  3.5038e-01,  5.0930e-01],\n",
      "         [ 4.9612e-01,  6.1457e-01, -6.1332e-01, -1.1689e+00],\n",
      "         [ 9.2653e-05,  7.0635e-01,  7.0786e-01,  8.3748e-04]]])\n",
      "tensor([[[-9.8222e-01, -1.3311e-01,  1.3242e-01,  3.3913e-01],\n",
      "         [ 1.8776e-01, -6.9443e-01,  6.9463e-01,  7.9828e-01],\n",
      "         [-5.0658e-04,  7.0714e-01,  7.0707e-01, -2.8802e-04]]])\n",
      "tensor([[[-8.1992e-01,  4.0467e-01, -4.0493e-01, -5.4679e-01],\n",
      "         [-5.7248e-01, -5.7962e-01,  5.7992e-01,  6.6493e-01],\n",
      "         [-3.1722e-05,  7.0730e-01,  7.0691e-01, -5.8262e-04]]])\n",
      "tensor([[[-6.9902e-01, -5.0615e-01,  5.0516e-01,  3.7266e-01],\n",
      "         [ 7.1510e-01, -4.9410e-01,  4.9446e-01,  8.2370e-01],\n",
      "         [-6.7242e-04,  7.0688e-01,  7.0733e-01, -2.8786e-04]]])\n",
      "tensor([[[-9.5443e-01, -2.1140e-01,  2.1065e-01,  5.5797e-01],\n",
      "         [ 2.9843e-01, -6.7477e-01,  6.7499e-01,  1.0359e+00],\n",
      "         [-5.5446e-04,  7.0710e-01,  7.0711e-01, -3.2506e-04]]])\n",
      "tensor([[[-9.5232e-01,  2.1554e-01, -2.1595e-01,  2.2859e-02],\n",
      "         [-3.0511e-01, -6.7328e-01,  6.7350e-01,  9.5407e-01],\n",
      "         [-2.2984e-04,  7.0728e-01,  7.0694e-01, -5.0227e-04]]])\n",
      "tensor([[[-9.4253e-01,  2.3606e-01, -2.3646e-01, -6.3796e-02],\n",
      "         [-3.3412e-01, -6.6636e-01,  6.6658e-01,  7.6476e-01],\n",
      "         [-2.1024e-04,  7.0728e-01,  7.0693e-01, -4.3659e-04]]])\n",
      "tensor([[[ 4.2815e-01, -6.3956e-01,  6.3847e-01,  5.3749e-01],\n",
      "         [ 9.0371e-01,  3.0325e-01, -3.0225e-01, -4.5597e-01],\n",
      "         [-3.0783e-04,  7.0640e-01,  7.0781e-01,  4.6673e-04]]])\n",
      "tensor([[[-9.9612e-01, -6.2519e-02,  6.1885e-02,  2.6382e-01],\n",
      "         [ 8.7967e-02, -7.0427e-01,  7.0446e-01,  1.0492e+00],\n",
      "         [-4.5879e-04,  7.0718e-01,  7.0704e-01, -4.5372e-04]]])\n",
      "tensor([[[ 9.6370e-01,  1.8857e-01, -1.8901e-01, -5.3649e-02],\n",
      "         [-2.6699e-01,  6.8209e-01, -6.8079e-01, -9.9616e-01],\n",
      "         [ 5.4142e-04,  7.0654e-01,  7.0768e-01,  5.1218e-04]]])\n",
      "tensor([[[-4.0956e-05,  7.0710e-01, -7.0712e-01, -7.1541e-01],\n",
      "         [-1.0000e+00,  3.5033e-04,  4.0823e-04, -2.2154e-01],\n",
      "         [ 5.3638e-04,  7.0712e-01,  7.0710e-01, -1.7673e-04]]])\n",
      "tensor([[[-2.3405e-01, -6.8803e-01,  6.8690e-01,  1.0431e+00],\n",
      "         [ 9.7222e-01, -1.6519e-01,  1.6582e-01,  1.4626e-01],\n",
      "         [-6.1822e-04,  7.0663e-01,  7.0758e-01,  3.5259e-04]]])\n",
      "tensor([[[ 8.0321e-01, -4.2168e-01,  4.2076e-01,  7.1475e-01],\n",
      "         [ 5.9570e-01,  5.6856e-01, -5.6735e-01, -7.6056e-01],\n",
      "         [ 1.2360e-05,  7.0635e-01,  7.0787e-01,  7.0335e-04]]])\n",
      "tensor([[[ 7.0779e-01,  4.9943e-01, -4.9961e-01, -7.5489e-01],\n",
      "         [-7.0643e-01,  5.0106e-01, -4.9990e-01, -4.3009e-01],\n",
      "         [ 6.7139e-04,  7.0676e-01,  7.0745e-01, -8.1226e-05]]])\n",
      "tensor([[[ 1.0230e-01,  7.0339e-01, -7.0341e-01, -9.3942e-01],\n",
      "         [-9.9475e-01,  7.2743e-02, -7.1927e-02, -3.8055e-01],\n",
      "         [ 5.7586e-04,  7.0708e-01,  7.0714e-01, -1.8403e-04]]])\n",
      "tensor([[[-9.2879e-01,  2.6187e-01, -2.6225e-01, -4.2493e-01],\n",
      "         [-3.7061e-01, -6.5664e-01,  6.5687e-01,  8.9528e-01],\n",
      "         [-1.8499e-04,  7.0729e-01,  7.0693e-01, -6.5584e-04]]])\n",
      "tensor([[[ 5.7623e-01, -5.7843e-01,  5.7739e-01,  1.0014e+00],\n",
      "         [ 8.1729e-01,  4.0800e-01, -4.0691e-01, -4.2791e-01],\n",
      "         [-2.0029e-04,  7.0637e-01,  7.0785e-01,  6.4330e-04]]])\n",
      "tensor([[[-3.2429e-01, -6.6945e-01,  6.6833e-01,  1.1848e+00],\n",
      "         [ 9.4596e-01, -2.2902e-01,  2.2960e-01,  8.6085e-02],\n",
      "         [-6.4141e-04,  7.0667e-01,  7.0754e-01,  4.4341e-04]]])\n",
      "tensor([[[ 9.0700e-01, -2.9819e-01,  2.9737e-01,  5.3792e-01],\n",
      "         [ 4.2113e-01,  6.4198e-01, -6.4071e-01, -9.9775e-01],\n",
      "         [ 1.4889e-04,  7.0636e-01,  7.0785e-01,  7.5745e-04]]])\n",
      "tensor([[[-4.0100e-01,  6.4773e-01, -6.4780e-01, -1.1556e+00],\n",
      "         [-9.1608e-01, -2.8329e-01,  2.8382e-01,  1.4909e-01],\n",
      "         [ 3.2569e-04,  7.0724e-01,  7.0697e-01, -5.5748e-04]]])\n",
      "tensor([[[-7.7185e-01,  4.4947e-01, -4.4969e-01, -8.3166e-01],\n",
      "         [-6.3580e-01, -5.4562e-01,  5.4594e-01,  8.6433e-01],\n",
      "         [ 2.2107e-05,  7.0730e-01,  7.0691e-01, -8.0726e-04]]])\n",
      "tensor([[[-8.8136e-01,  3.3391e-01, -3.3423e-01, -6.8444e-01],\n",
      "         [-4.7245e-01, -6.2308e-01,  6.2335e-01,  5.8146e-01],\n",
      "         [-1.1077e-04,  7.0730e-01,  7.0692e-01, -5.9468e-04]]])\n",
      "tensor([[[-6.1240e-01,  5.5893e-01, -5.5907e-01, -5.1390e-01],\n",
      "         [-7.9055e-01, -4.3282e-01,  4.3324e-01,  6.6066e-01],\n",
      "         [ 1.7100e-04,  7.0729e-01,  7.0693e-01, -5.6668e-04]]])\n",
      "tensor([[[ 2.0683e-01,  6.9180e-01, -6.9183e-01, -1.2859e+00],\n",
      "         [-9.7838e-01,  1.4669e-01, -1.4581e-01, -1.3780e-02],\n",
      "         [ 6.1027e-04,  7.0703e-01,  7.0718e-01, -5.2392e-04]]])\n",
      "tensor([[[-8.4746e-01,  3.7523e-01, -3.7552e-01, -4.7106e-01],\n",
      "         [-5.3086e-01, -5.9911e-01,  5.9939e-01,  7.3445e-01],\n",
      "         [-6.5428e-05,  7.0730e-01,  7.0691e-01, -5.8857e-04]]])\n",
      "tensor([[[ 8.8734e-01, -3.2648e-01,  3.2563e-01,  4.2976e-01],\n",
      "         [ 4.6111e-01,  6.2807e-01, -6.2682e-01, -6.5586e-01],\n",
      "         [ 1.1932e-04,  7.0635e-01,  7.0786e-01,  5.2940e-04]]])\n",
      "tensor([[[-3.5387e-01, -6.6191e-01,  6.6080e-01,  7.9826e-01],\n",
      "         [ 9.3530e-01, -2.4994e-01,  2.5050e-01, -2.8865e-02],\n",
      "         [-6.4792e-04,  7.0669e-01,  7.0753e-01,  3.4537e-04]]])\n",
      "tensor([[[ 9.9877e-01,  3.4770e-02, -3.5326e-02,  1.0615e-03],\n",
      "         [-4.9565e-02,  7.0690e-01, -7.0558e-01, -8.4114e-01],\n",
      "         [ 4.3929e-04,  7.0646e-01,  7.0775e-01,  4.5166e-04]]])\n",
      "tensor([[[ 9.4822e-01,  2.2438e-01, -2.2478e-01, -1.7663e-01],\n",
      "         [-3.1761e-01,  6.7114e-01, -6.6985e-01, -8.9068e-01],\n",
      "         [ 5.6218e-04,  7.0656e-01,  7.0765e-01,  4.0478e-04]]])\n",
      "tensor([[[ 8.2120e-01, -4.0396e-01,  4.0305e-01,  9.3202e-01],\n",
      "         [ 5.7065e-01,  5.8128e-01, -5.8006e-01, -8.8167e-01],\n",
      "         [ 3.3232e-05,  7.0635e-01,  7.0787e-01,  8.5803e-04]]])\n",
      "tensor([[[-2.2811e-01,  6.8845e-01, -6.8848e-01, -6.2774e-01],\n",
      "         [-9.7364e-01, -1.6098e-01,  1.6161e-01,  3.8357e-01],\n",
      "         [ 4.2800e-04,  7.0720e-01,  7.0702e-01, -4.6514e-04]]])\n",
      "tensor([[[ 5.5732e-01, -5.8764e-01,  5.8658e-01,  4.4526e-01],\n",
      "         [ 8.3030e-01,  3.9462e-01, -3.9355e-01, -5.2354e-01],\n",
      "         [-2.1508e-04,  7.0637e-01,  7.0784e-01,  4.6483e-04]]])\n",
      "tensor([[[-6.7842e-01, -5.1999e-01,  5.1899e-01,  8.8125e-01],\n",
      "         [ 7.3467e-01, -4.7953e-01,  4.7991e-01,  3.5173e-01],\n",
      "         [-6.7441e-04,  7.0687e-01,  7.0735e-01,  1.7546e-04]]])\n",
      "tensor([[[ 8.1811e-01, -4.0709e-01,  4.0618e-01,  9.0801e-01],\n",
      "         [ 5.7507e-01,  5.7910e-01, -5.7788e-01, -7.1004e-01],\n",
      "         [ 2.9585e-05,  7.0635e-01,  7.0787e-01,  7.5610e-04]]])\n",
      "tensor([[[ 6.1439e-01,  5.5784e-01, -5.5798e-01, -5.3629e-01],\n",
      "         [-7.8900e-01,  4.3499e-01, -4.3389e-01, -8.0756e-01],\n",
      "         [ 6.7709e-04,  7.0682e-01,  7.0739e-01,  2.1163e-04]]])\n",
      "tensor([[[ 4.6502e-01, -6.2654e-01,  6.2546e-01,  7.4611e-01],\n",
      "         [ 8.8530e-01,  3.2933e-01, -3.2831e-01, -2.4348e-01],\n",
      "         [-2.8273e-04,  7.0639e-01,  7.0782e-01,  4.3889e-04]]])\n",
      "tensor([[[-8.1786e-01,  4.0675e-01, -4.0701e-01, -6.5321e-01],\n",
      "         [-5.7542e-01, -5.7816e-01,  5.7846e-01,  6.7323e-01],\n",
      "         [-2.9291e-05,  7.0730e-01,  7.0691e-01, -6.3101e-04]]])\n",
      "tensor([[[ 5.8147e-02, -7.0648e-01,  7.0534e-01,  8.4849e-01],\n",
      "         [ 9.9831e-01,  4.1511e-02, -4.0720e-02,  1.1833e-01],\n",
      "         [-5.1147e-04,  7.0651e-01,  7.0770e-01,  2.8715e-04]]])\n",
      "tensor([[[ 6.9265e-01,  5.0993e-01, -5.1011e-01, -1.0188e+00],\n",
      "         [-7.2128e-01,  4.9035e-01, -4.8920e-01, -8.0957e-01],\n",
      "         [ 6.7310e-04,  7.0677e-01,  7.0744e-01,  1.3326e-05]]])\n",
      "tensor([[[-8.7360e-01, -3.4454e-01,  3.4368e-01,  7.7899e-01],\n",
