{
 "cells": [
  {
   "cell_type": "code",
   "execution_count": 1,
   "metadata": {},
   "outputs": [],
   "source": [
    "import sys\n",
    "import os\n",
    "import json\n",
    "import torch\n",
    "import yaml\n",
    "import numpy as np\n",
    "import cv2\n",
    "import copy\n",
    "from pathlib import Path\n",
    "import matplotlib.pyplot as plt\n",
    "from PIL import Image"
   ]
  },
  {
   "cell_type": "code",
   "execution_count": 2,
   "metadata": {},
   "outputs": [],
   "source": [
    "DATA_PATH = \"/workspace/plane-nerf/data/jackal_floor_training_data_1\"\n",
    "TRANSFORM_PATH = \"transforms.json\"\n",
    "with open(os.path.join(DATA_PATH, TRANSFORM_PATH), 'r') as f:\n",
    "    transforms = json.load(f)\n",
    "IMG_INDEX = 0"
   ]
  },
  {
   "cell_type": "code",
   "execution_count": 3,
   "metadata": {},
   "outputs": [
    {
     "name": "stdout",
     "output_type": "stream",
     "text": [
      "focal_length 4.74\n",
      "pixel_width 0.0042\n",
      "pixel_height 0.0042\n",
      "w 1280\n",
      "h 720\n",
      "fov_x 1.031736666064982\n",
      "fl_x 1128.5714285714287\n",
      "fl_y 1128.5714285714287\n",
      "cx 640\n",
      "cy 360\n",
      "camera_model OPENCV\n",
      "frames [{'file_path': 'images/0.png', 'transform_matrix': [[0.9999999999999999, 0.0, 0.0, 0.0], [0.0, 0.7073882691671997, -0.706825181105366, -3.0], [0.0, 0.706825181105366, 0.7073882691671997, 2.5], [0.0, 0.0, 0.0, 1.0]], 'mask_path': 'masks/0.png'}, {'file_path': 'images/1.png', 'transform_matrix': [[0.9921147013144777, -0.08865925916018154, 0.08858868551261047, 0.37599970069291266], [0.1253332335643042, 0.7018103013781817, -0.7012516534339018, -2.9763441039434335], [0.0, 0.706825181105366, 0.7073882691671997, 2.5], [0.0, 0.0, 0.0, 1.0]], 'mask_path': 'masks/1.png'}, {'file_path': 'images/2.png', 'transform_matrix': [[0.9685831611286311, -0.17592030884093282, 0.17578027453437153, 0.7460696614945644], [0.2486898871648548, 0.6851643658952773, -0.6846189682803526, -2.9057494833858937], [0.0, 0.706825181105366, 0.7073882691671997, 2.5], [0.0, 0.0, 0.0, 1.0]], 'mask_path': 'masks/2.png'}, {'file_path': 'images/3.png', 'transform_matrix': [[0.9297764858882513, -0.26040699016156393, 0.2601997036206793, 1.1043736580540338], [0.36812455268467786, 0.6577129790648515, -0.6571894330254741, -2.7893294576647545], [0.0, 0.706825181105366, 0.7073882691671997, 2.5], [0.0, 0.0, 0.0, 1.0]], 'mask_path': 'masks/3.png'}, {'file_path': 'images/4.png', 'transform_matrix': [[0.8763066800438634, -0.34078689768775156, 0.34051562794512036, 1.4452610223051459], [0.4817536741017152, 0.6198890656558836, -0.6193956278258458, -2.6289200401315904], [0.0, 0.706825181105366, 0.7073882691671997, 2.5], [0.0, 0.0, 0.0, 1.0]], 'mask_path': 'masks/4.png'}, {'file_path': 'images/5.png', 'transform_matrix': [[0.8090169943749472, -0.41579239226117826, 0.4154614174026905, 1.7633557568774192], [0.5877852522924729, 0.5722891313777441, -0.571833583566391, -2.427050983124842], [0.0, 0.7068251811053659, 0.7073882691671995, 2.4999999999999996], [0.0, 0.0, 0.0, 1.0]], 'mask_path': 'masks/5.png'}, {'file_path': 'images/6.png', 'transform_matrix': [[0.7289686274214116, -0.48424059242631073, 0.48385513212319947, 2.0536413177860657], [0.6845471059286885, 0.5156638556288217, -0.5152533820972693, -2.186905882264235], [0.0, 0.706825181105366, 0.7073882691671997, 2.5], [0.0, 0.0, 0.0, 1.0]], 'mask_path': 'masks/6.png'}, {'file_path': 'images/7.png', 'transform_matrix': [[0.6374239897486897, -0.5450520291775719, 0.54461816236908, 2.311539728327368], [0.7705132427757891, 0.45090625283397656, -0.45054732699502265, -1.9122719692460697], [0.0, 0.7068251811053661, 0.7073882691671998, 2.5000000000000004], [0.0, 0.0, 0.0, 1.0]], 'mask_path': 'masks/7.png'}, {'file_path': 'images/8.png', 'transform_matrix': [[0.5358267949789964, -0.5972676698304028, 0.5967922388552799, 2.5329837765060454], [0.8443279255020151, 0.3790375890736003, -0.37873587140213705, -1.6074803849369896], [0.0, 0.706825181105366, 0.7073882691671997, 2.5], [0.0, 0.0, 0.0, 1.0]], 'mask_path': 'masks/8.png'}, {'file_path': 'images/9.png', 'transform_matrix': [[0.42577929156507255, -0.6400640425395966, 0.6395545452283288, 2.7144811573980587], [0.9048270524660195, 0.30119127610745317, -0.30095152487139687, -1.2773378746952178], [0.0, 0.706825181105366, 0.7073882691671997, 2.5], [0.0, 0.0, 0.0, 1.0]], 'mask_path': 'masks/9.png'}, {'file_path': 'images/10.png', 'transform_matrix': [[0.3090169943749474, -0.6727662229422153, 0.6722306943717604, 2.853169548885461], [0.9510565162951535, 0.21859499679414435, -0.2184209930137081, -0.9270509831248424], [0.0, 0.706825181105366, 0.7073882691671997, 2.5], [0.0, 0.0, 0.0, 1.0]], 'mask_path': 'masks/10.png'}, {'file_path': 'images/11.png', 'transform_matrix': [[0.18738131458572468, -0.6948584781179741, 0.6943053638937974, 2.9468617521860656], [0.9822872507286885, 0.13255134379907035, -0.13244583161781642, -0.5621439437571741], [0.0, 0.7068251811053659, 0.7073882691671995, 2.4999999999999996], [0.0, 0.0, 0.0, 1.0]], 'mask_path': 'masks/11.png'}, {'file_path': 'images/12.png', 'transform_matrix': [[0.06279051952931351, -0.7059924000054778, 0.7054304230693089, 2.9940801852848145], [0.9980267284282714, 0.044417276929950344, -0.04438192033800705, -0.18837155858794058], [0.0, 0.706825181105366, 0.7073882691671997, 2.5], [0.0, 0.0, 0.0, 1.0]], 'mask_path': 'masks/12.png'}, {'file_path': 'images/13.png', 'transform_matrix': [[-0.06279051952931351, -0.7059924000054778, 0.7054304230693089, 2.9940801852848145], [0.9980267284282714, -0.044417276929950344, 0.04438192033800705, 0.18837155858794058], [0.0, 0.706825181105366, 0.7073882691671997, 2.5], [0.0, 0.0, 0.0, 1.0]], 'mask_path': 'masks/13.png'}, {'file_path': 'images/14.png', 'transform_matrix': [[-0.18738131458572452, -0.6948584781179742, 0.6943053638937974, 2.946861752186066], [0.9822872507286886, -0.13255134379907024, 0.1324458316178163, 0.5621439437571736], [0.0, 0.706825181105366, 0.7073882691671997, 2.5], [0.0, 0.0, 0.0, 1.0]], 'mask_path': 'masks/14.png'}, {'file_path': 'images/15.png', 'transform_matrix': [[-0.3090169943749471, -0.6727662229422153, 0.6722306943717604, 2.853169548885461], [0.9510565162951535, -0.21859499679414415, 0.2184209930137079, 0.9270509831248415], [0.0, 0.706825181105366, 0.7073882691671997, 2.5], [0.0, 0.0, 0.0, 1.0]], 'mask_path': 'masks/15.png'}, {'file_path': 'images/16.png', 'transform_matrix': [[-0.42577929156507266, -0.6400640425395964, 0.6395545452283286, 2.7144811573980583], [0.9048270524660192, -0.3011912761074532, 0.3009515248713969, 1.2773378746952182], [0.0, 0.706825181105366, 0.7073882691671997, 2.5], [0.0, 0.0, 0.0, 1.0]], 'mask_path': 'masks/16.png'}, {'file_path': 'images/17.png', 'transform_matrix': [[-0.5358267949789968, -0.5972676698304027, 0.5967922388552797, 2.532983776506045], [0.8443279255020149, -0.3790375890736005, 0.37873587140213727, 1.6074803849369905], [0.0, 0.706825181105366, 0.7073882691671997, 2.5], [0.0, 0.0, 0.0, 1.0]], 'mask_path': 'masks/17.png'}, {'file_path': 'images/18.png', 'transform_matrix': [[-0.6374239897486897, -0.5450520291775719, 0.54461816236908, 2.311539728327368], [0.7705132427757891, -0.45090625283397656, 0.45054732699502265, 1.9122719692460697], [0.0, 0.7068251811053661, 0.7073882691671998, 2.5000000000000004], [0.0, 0.0, 0.0, 1.0]], 'mask_path': 'masks/18.png'}, {'file_path': 'images/19.png', 'transform_matrix': [[-0.7289686274214112, -0.4842405924263109, 0.48385513212319964, 2.0536413177860666], [0.6845471059286887, -0.5156638556288214, 0.5152533820972691, 2.186905882264234], [0.0, 0.706825181105366, 0.7073882691671997, 2.5], [0.0, 0.0, 0.0, 1.0]], 'mask_path': 'masks/19.png'}, {'file_path': 'images/20.png', 'transform_matrix': [[-0.8090169943749475, -0.4157923922611784, 0.4154614174026906, 1.7633557568774196], [0.5877852522924731, -0.5722891313777443, 0.5718335835663911, 2.427050983124843], [0.0, 0.7068251811053661, 0.7073882691671998, 2.5000000000000004], [0.0, 0.0, 0.0, 1.0]], 'mask_path': 'masks/20.png'}, {'file_path': 'images/21.png', 'transform_matrix': [[-0.8763066800438637, -0.3407868976877515, 0.3405156279451203, 1.4452610223051456], [0.48175367410171516, -0.6198890656558839, 0.619395627825846, 2.6289200401315913], [0.0, 0.7068251811053661, 0.7073882691671998, 2.5000000000000004], [0.0, 0.0, 0.0, 1.0]], 'mask_path': 'masks/21.png'}, {'file_path': 'images/22.png', 'transform_matrix': [[-0.9297764858882511, -0.26040699016156404, 0.26019970362067946, 1.1043736580540344], [0.3681245526846781, -0.6577129790648513, 0.657189433025474, 2.7893294576647536], [0.0, 0.7068251811053659, 0.7073882691671995, 2.4999999999999996], [0.0, 0.0, 0.0, 1.0]], 'mask_path': 'masks/22.png'}, {'file_path': 'images/23.png', 'transform_matrix': [[-0.9685831611286309, -0.17592030884093313, 0.17578027453437184, 0.7460696614945657], [0.2486898871648552, -0.6851643658952771, 0.6846189682803524, 2.905749483385893], [0.0, 0.7068251811053659, 0.7073882691671995, 2.4999999999999996], [0.0, 0.0, 0.0, 1.0]], 'mask_path': 'masks/23.png'}, {'file_path': 'images/24.png', 'transform_matrix': [[-0.9921147013144779, -0.08865925916018177, 0.0885886855126107, 0.37599970069291366], [0.12533323356430454, -0.7018103013781819, 0.701251653433902, 2.976344103943434], [0.0, 0.7068251811053661, 0.7073882691671998, 2.5000000000000004], [0.0, 0.0, 0.0, 1.0]], 'mask_path': 'masks/24.png'}, {'file_path': 'images/25.png', 'transform_matrix': [[-0.9999999999999999, -8.663007795899974e-17, 8.656111955974346e-17, 3.6739403974420594e-16], [1.224646799147353e-16, -0.7073882691671997, 0.706825181105366, 3.0], [0.0, 0.706825181105366, 0.7073882691671997, 2.5], [0.0, 0.0, 0.0, 1.0]], 'mask_path': 'masks/25.png'}, {'file_path': 'images/26.png', 'transform_matrix': [[-0.9921147013144779, 0.08865925916018161, -0.08858868551261052, -0.37599970069291294], [-0.12533323356430429, -0.7018103013781819, 0.701251653433902, 2.976344103943434], [0.0, 0.7068251811053661, 0.7073882691671998, 2.5000000000000004], [0.0, 0.0, 0.0, 1.0]], 'mask_path': 'masks/26.png'}, {'file_path': 'images/27.png', 'transform_matrix': [[-0.9685831611286309, 0.17592030884093265, -0.17578027453437137, -0.7460696614945637], [-0.24868988716485455, -0.6851643658952771, 0.6846189682803524, 2.905749483385893], [0.0, 0.7068251811053659, 0.7073882691671995, 2.4999999999999996], [0.0, 0.0, 0.0, 1.0]], 'mask_path': 'masks/27.png'}, {'file_path': 'images/28.png', 'transform_matrix': [[-0.9297764858882516, 0.26040699016156393, -0.26019970362067935, -1.104373658054034], [-0.3681245526846779, -0.6577129790648516, 0.6571894330254743, 2.789329457664755], [0.0, 0.7068251811053661, 0.7073882691671998, 2.5000000000000004], [0.0, 0.0, 0.0, 1.0]], 'mask_path': 'masks/28.png'}, {'file_path': 'images/29.png', 'transform_matrix': [[-0.8763066800438634, 0.3407868976877516, -0.3405156279451204, -1.445261022305146], [-0.4817536741017153, -0.6198890656558836, 0.6193956278258458, 2.6289200401315904], [0.0, 0.706825181105366, 0.7073882691671997, 2.5], [0.0, 0.0, 0.0, 1.0]], 'mask_path': 'masks/29.png'}, {'file_path': 'images/30.png', 'transform_matrix': [[-0.8090169943749479, 0.41579239226117803, -0.4154614174026902, -1.763355756877418], [-0.5877852522924726, -0.5722891313777446, 0.5718335835663915, 2.427050983124844], [0.0, 0.7068251811053661, 0.7073882691671998, 2.5000000000000004], [0.0, 0.0, 0.0, 1.0]], 'mask_path': 'masks/30.png'}, {'file_path': 'images/31.png', 'transform_matrix': [[-0.7289686274214117, 0.48424059242631046, -0.48385513212319925, -2.053641317786065], [-0.6845471059286882, -0.5156638556288217, 0.5152533820972695, 2.1869058822642353], [0.0, 0.706825181105366, 0.7073882691671997, 2.5], [0.0, 0.0, 0.0, 1.0]], 'mask_path': 'masks/31.png'}, {'file_path': 'images/32.png', 'transform_matrix': [[-0.6374239897486894, 0.5450520291775719, -0.54461816236908, -2.311539728327368], [-0.7705132427757891, -0.4509062528339763, 0.4505473269950224, 1.9122719692460686], [0.0, 0.706825181105366, 0.7073882691671997, 2.5], [0.0, 0.0, 0.0, 1.0]], 'mask_path': 'masks/32.png'}, {'file_path': 'images/33.png', 'transform_matrix': [[-0.5358267949789962, 0.5972676698304029, -0.5967922388552799, -2.532983776506046], [-0.8443279255020152, -0.37903758907360013, 0.3787358714021369, 1.607480384936989], [0.0, 0.706825181105366, 0.7073882691671997, 2.5], [0.0, 0.0, 0.0, 1.0]], 'mask_path': 'masks/33.png'}, {'file_path': 'images/34.png', 'transform_matrix': [[-0.4257792915650721, 0.6400640425395967, -0.6395545452283289, -2.714481157398059], [-0.9048270524660197, -0.30119127610745283, 0.30095152487139654, 1.2773378746952164], [0.0, 0.706825181105366, 0.7073882691671997, 2.5], [0.0, 0.0, 0.0, 1.0]], 'mask_path': 'masks/34.png'}, {'file_path': 'images/35.png', 'transform_matrix': [[-0.3090169943749475, 0.6727662229422152, -0.6722306943717602, -2.85316954888546], [-0.9510565162951533, -0.21859499679414443, 0.21842099301370815, 0.9270509831248427], [0.0, 0.7068251811053659, 0.7073882691671995, 2.4999999999999996], [0.0, 0.0, 0.0, 1.0]], 'mask_path': 'masks/35.png'}, {'file_path': 'images/36.png', 'transform_matrix': [[-0.18738131458572452, 0.6948584781179742, -0.6943053638937974, -2.946861752186066], [-0.9822872507286886, -0.13255134379907024, 0.1324458316178163, 0.5621439437571736], [0.0, 0.706825181105366, 0.7073882691671997, 2.5], [0.0, 0.0, 0.0, 1.0]], 'mask_path': 'masks/36.png'}, {'file_path': 'images/37.png', 'transform_matrix': [[-0.06279051952931312, 0.7059924000054778, -0.7054304230693089, -2.9940801852848145], [-0.9980267284282714, -0.04441727692995007, 0.044381920338006774, 0.1883715585879394], [0.0, 0.7068251811053659, 0.7073882691671995, 2.4999999999999996], [0.0, 0.0, 0.0, 1.0]], 'mask_path': 'masks/37.png'}, {'file_path': 'images/38.png', 'transform_matrix': [[0.06279051952931285, 0.7059924000054778, -0.7054304230693089, -2.9940801852848145], [-0.9980267284282714, 0.04441727692994987, -0.04438192033800658, -0.18837155858793858], [0.0, 0.706825181105366, 0.7073882691671997, 2.5], [0.0, 0.0, 0.0, 1.0]], 'mask_path': 'masks/38.png'}, {'file_path': 'images/39.png', 'transform_matrix': [[0.1873813145857243, 0.6948584781179743, -0.6943053638937975, -2.9468617521860665], [-0.9822872507286887, 0.13255134379907008, -0.13244583161781615, -0.5621439437571729], [0.0, 0.706825181105366, 0.7073882691671997, 2.5], [0.0, 0.0, 0.0, 1.0]], 'mask_path': 'masks/39.png'}, {'file_path': 'images/40.png', 'transform_matrix': [[0.3090169943749471, 0.6727662229422153, -0.6722306943717604, -2.853169548885461], [-0.9510565162951535, 0.21859499679414415, -0.2184209930137079, -0.9270509831248415], [0.0, 0.706825181105366, 0.7073882691671997, 2.5], [0.0, 0.0, 0.0, 1.0]], 'mask_path': 'masks/40.png'}, {'file_path': 'images/41.png', 'transform_matrix': [[0.4257792915650719, 0.6400640425395968, -0.639554545228329, -2.7144811573980596], [-0.9048270524660198, 0.30119127610745267, -0.30095152487139637, -1.2773378746952158], [0.0, 0.706825181105366, 0.7073882691671997, 2.5], [0.0, 0.0, 0.0, 1.0]], 'mask_path': 'masks/41.png'}, {'file_path': 'images/42.png', 'transform_matrix': [[0.5358267949789965, 0.5972676698304027, -0.5967922388552797, -2.532983776506045], [-0.8443279255020149, 0.3790375890736004, -0.3787358714021371, -1.60748038493699], [0.0, 0.7068251811053659, 0.7073882691671995, 2.4999999999999996], [0.0, 0.0, 0.0, 1.0]], 'mask_path': 'masks/42.png'}, {'file_path': 'images/43.png', 'transform_matrix': [[0.6374239897486891, 0.545052029177572, -0.5446181623690802, -2.3115397283273684], [-0.7705132427757894, 0.45090625283397606, -0.4505473269950222, -1.9122719692460675], [0.0, 0.7068251811053659, 0.7073882691671995, 2.4999999999999996], [0.0, 0.0, 0.0, 1.0]], 'mask_path': 'masks/43.png'}, {'file_path': 'images/44.png', 'transform_matrix': [[0.7289686274214112, 0.48424059242631096, -0.4838551321231997, -2.0536413177860666], [-0.6845471059286888, 0.5156638556288214, -0.5152533820972691, -2.186905882264234], [0.0, 0.706825181105366, 0.7073882691671997, 2.5], [0.0, 0.0, 0.0, 1.0]], 'mask_path': 'masks/44.png'}, {'file_path': 'images/45.png', 'transform_matrix': [[0.8090169943749471, 0.4157923922611784, -0.4154614174026906, -1.7633557568774196], [-0.5877852522924731, 0.5722891313777441, -0.5718335835663909, -2.4270509831248415], [0.0, 0.706825181105366, 0.7073882691671997, 2.5], [0.0, 0.0, 0.0, 1.0]], 'mask_path': 'masks/45.png'}, {'file_path': 'images/46.png', 'transform_matrix': [[0.8763066800438629, 0.3407868976877521, -0.3405156279451209, -1.445261022305148], [-0.481753674101716, 0.6198890656558833, -0.6193956278258455, -2.628920040131589], [0.0, 0.706825181105366, 0.7073882691671997, 2.5], [0.0, 0.0, 0.0, 1.0]], 'mask_path': 'masks/46.png'}, {'file_path': 'images/47.png', 'transform_matrix': [[0.9297764858882513, 0.2604069901615639, -0.2601997036206793, -1.1043736580540335], [-0.3681245526846778, 0.6577129790648515, -0.6571894330254741, -2.7893294576647545], [0.0, 0.706825181105366, 0.7073882691671997, 2.5], [0.0, 0.0, 0.0, 1.0]], 'mask_path': 'masks/47.png'}, {'file_path': 'images/48.png', 'transform_matrix': [[0.9685831611286309, 0.1759203088409332, -0.17578027453437192, -0.7460696614945661], [-0.24868988716485532, 0.6851643658952771, -0.6846189682803524, -2.905749483385893], [0.0, 0.7068251811053659, 0.7073882691671995, 2.4999999999999996], [0.0, 0.0, 0.0, 1.0]], 'mask_path': 'masks/48.png'}, {'file_path': 'images/49.png', 'transform_matrix': [[0.9921147013144777, 0.08865925916018184, -0.08858868551261076, -0.37599970069291394], [-0.12533323356430462, 0.7018103013781817, -0.7012516534339018, -2.9763441039434335], [0.0, 0.706825181105366, 0.7073882691671997, 2.5], [0.0, 0.0, 0.0, 1.0]], 'mask_path': 'masks/49.png'}, {'file_path': 'images/50.png', 'transform_matrix': [[0.9999999999999999, 0.0, 0.0, 0.0], [0.0, 0.7073882691671997, -0.706825181105366, -2.7], [0.0, 0.706825181105366, 0.7073882691671997, 2.5], [0.0, 0.0, 0.0, 1.0]], 'mask_path': 'masks/50.png'}, {'file_path': 'images/51.png', 'transform_matrix': [[0.9921147013144777, -0.08865925916018154, 0.08858868551261047, 0.33839973062362144], [0.1253332335643042, 0.7018103013781817, -0.7012516534339018, -2.67870969354909], [0.0, 0.706825181105366, 0.7073882691671997, 2.5], [0.0, 0.0, 0.0, 1.0]], 'mask_path': 'masks/51.png'}, {'file_path': 'images/52.png', 'transform_matrix': [[0.9685831611286311, -0.17592030884093282, 0.17578027453437153, 0.671462695345108], [0.2486898871648548, 0.6851643658952773, -0.6846189682803526, -2.6151745350473043], [0.0, 0.706825181105366, 0.7073882691671997, 2.5], [0.0, 0.0, 0.0, 1.0]], 'mask_path': 'masks/52.png'}, {'file_path': 'images/53.png', 'transform_matrix': [[0.9297764858882513, -0.26040699016156393, 0.2601997036206793, 0.9939362922486304], [0.36812455268467786, 0.6577129790648515, -0.6571894330254741, -2.510396511898279], [0.0, 0.706825181105366, 0.7073882691671997, 2.5], [0.0, 0.0, 0.0, 1.0]], 'mask_path': 'masks/53.png'}, {'file_path': 'images/54.png', 'transform_matrix': [[0.8763066800438634, -0.34078689768775156, 0.34051562794512036, 1.3007349200746312], [0.4817536741017152, 0.6198890656558836, -0.6193956278258458, -2.3660280361184314], [0.0, 0.706825181105366, 0.7073882691671997, 2.5], [0.0, 0.0, 0.0, 1.0]], 'mask_path': 'masks/54.png'}, {'file_path': 'images/55.png', 'transform_matrix': [[0.8090169943749472, -0.41579239226117826, 0.4154614174026905, 1.5870201811896774], [0.5877852522924729, 0.5722891313777441, -0.571833583566391, -2.184345884812358], [0.0, 0.7068251811053659, 0.7073882691671995, 2.4999999999999996], [0.0, 0.0, 0.0, 1.0]], 'mask_path': 'masks/55.png'}, {'file_path': 'images/56.png', 'transform_matrix': [[0.7289686274214116, -0.48424059242631073, 0.48385513212319947, 1.8482771860074594], [0.6845471059286885, 0.5156638556288217, -0.5152533820972693, -1.9682152940378117], [0.0, 0.706825181105366, 0.7073882691671997, 2.5], [0.0, 0.0, 0.0, 1.0]], 'mask_path': 'masks/56.png'}, {'file_path': 'images/57.png', 'transform_matrix': [[0.6374239897486897, -0.5450520291775719, 0.54461816236908, 2.080385755494631], [0.7705132427757891, 0.45090625283397656, -0.45054732699502265, -1.7210447723214628], [0.0, 0.7068251811053661, 0.7073882691671998, 2.5000000000000004], [0.0, 0.0, 0.0, 1.0]], 'mask_path': 'masks/57.png'}, {'file_path': 'images/58.png', 'transform_matrix': [[0.5358267949789964, -0.5972676698304028, 0.5967922388552799, 2.2796853988554413], [0.8443279255020151, 0.3790375890736003, -0.37873587140213705, -1.4467323464432909], [0.0, 0.706825181105366, 0.7073882691671997, 2.5], [0.0, 0.0, 0.0, 1.0]], 'mask_path': 'masks/58.png'}, {'file_path': 'images/59.png', 'transform_matrix': [[0.42577929156507255, -0.6400640425395966, 0.6395545452283288, 2.443033041658253], [0.9048270524660195, 0.30119127610745317, -0.30095152487139687, -1.149604087225696], [0.0, 0.706825181105366, 0.7073882691671997, 2.5], [0.0, 0.0, 0.0, 1.0]], 'mask_path': 'masks/59.png'}, {'file_path': 'images/60.png', 'transform_matrix': [[0.3090169943749474, -0.6727662229422153, 0.6722306943717604, 2.567852593996915], [0.9510565162951535, 0.21859499679414435, -0.2184209930137081, -0.8343458848123582], [0.0, 0.706825181105366, 0.7073882691671997, 2.5], [0.0, 0.0, 0.0, 1.0]], 'mask_path': 'masks/60.png'}, {'file_path': 'images/61.png', 'transform_matrix': [[0.18738131458572468, -0.6948584781179741, 0.6943053638937974, 2.6521755769674593], [0.9822872507286885, 0.13255134379907035, -0.13244583161781642, -0.5059295493814567], [0.0, 0.7068251811053659, 0.7073882691671995, 2.4999999999999996], [0.0, 0.0, 0.0, 1.0]], 'mask_path': 'masks/61.png'}, {'file_path': 'images/62.png', 'transform_matrix': [[0.06279051952931351, -0.7059924000054778, 0.7054304230693089, 2.6946721667563334], [0.9980267284282714, 0.044417276929950344, -0.04438192033800705, -0.16953440272914652], [0.0, 0.706825181105366, 0.7073882691671997, 2.5], [0.0, 0.0, 0.0, 1.0]], 'mask_path': 'masks/62.png'}, {'file_path': 'images/63.png', 'transform_matrix': [[-0.06279051952931351, -0.7059924000054778, 0.7054304230693089, 2.6946721667563334], [0.9980267284282714, -0.044417276929950344, 0.04438192033800705, 0.16953440272914652], [0.0, 0.706825181105366, 0.7073882691671997, 2.5], [0.0, 0.0, 0.0, 1.0]], 'mask_path': 'masks/63.png'}, {'file_path': 'images/64.png', 'transform_matrix': [[-0.18738131458572452, -0.6948584781179742, 0.6943053638937974, 2.6521755769674598], [0.9822872507286886, -0.13255134379907024, 0.1324458316178163, 0.5059295493814563], [0.0, 0.706825181105366, 0.7073882691671997, 2.5], [0.0, 0.0, 0.0, 1.0]], 'mask_path': 'masks/64.png'}, {'file_path': 'images/65.png', 'transform_matrix': [[-0.3090169943749471, -0.6727662229422153, 0.6722306943717604, 2.567852593996915], [0.9510565162951535, -0.21859499679414415, 0.2184209930137079, 0.8343458848123574], [0.0, 0.706825181105366, 0.7073882691671997, 2.5], [0.0, 0.0, 0.0, 1.0]], 'mask_path': 'masks/65.png'}, {'file_path': 'images/66.png', 'transform_matrix': [[-0.42577929156507266, -0.6400640425395964, 0.6395545452283286, 2.4430330416582526], [0.9048270524660192, -0.3011912761074532, 0.3009515248713969, 1.1496040872256965], [0.0, 0.706825181105366, 0.7073882691671997, 2.5], [0.0, 0.0, 0.0, 1.0]], 'mask_path': 'masks/66.png'}, {'file_path': 'images/67.png', 'transform_matrix': [[-0.5358267949789968, -0.5972676698304027, 0.5967922388552797, 2.2796853988554404], [0.8443279255020149, -0.3790375890736005, 0.37873587140213727, 1.4467323464432917], [0.0, 0.706825181105366, 0.7073882691671997, 2.5], [0.0, 0.0, 0.0, 1.0]], 'mask_path': 'masks/67.png'}, {'file_path': 'images/68.png', 'transform_matrix': [[-0.6374239897486897, -0.5450520291775719, 0.54461816236908, 2.080385755494631], [0.7705132427757891, -0.45090625283397656, 0.45054732699502265, 1.7210447723214628], [0.0, 0.7068251811053661, 0.7073882691671998, 2.5000000000000004], [0.0, 0.0, 0.0, 1.0]], 'mask_path': 'masks/68.png'}, {'file_path': 'images/69.png', 'transform_matrix': [[-0.7289686274214112, -0.4842405924263109, 0.48385513212319964, 1.84827718600746], [0.6845471059286887, -0.5156638556288214, 0.5152533820972691, 1.9682152940378108], [0.0, 0.706825181105366, 0.7073882691671997, 2.5], [0.0, 0.0, 0.0, 1.0]], 'mask_path': 'masks/69.png'}, {'file_path': 'images/70.png', 'transform_matrix': [[-0.8090169943749475, -0.4157923922611784, 0.4154614174026906, 1.5870201811896778], [0.5877852522924731, -0.5722891313777443, 0.5718335835663911, 2.1843458848123585], [0.0, 0.7068251811053661, 0.7073882691671998, 2.5000000000000004], [0.0, 0.0, 0.0, 1.0]], 'mask_path': 'masks/70.png'}, {'file_path': 'images/71.png', 'transform_matrix': [[-0.8763066800438637, -0.3407868976877515, 0.3405156279451203, 1.3007349200746312], [0.48175367410171516, -0.6198890656558839, 0.619395627825846, 2.3660280361184323], [0.0, 0.7068251811053661, 0.7073882691671998, 2.5000000000000004], [0.0, 0.0, 0.0, 1.0]], 'mask_path': 'masks/71.png'}, {'file_path': 'images/72.png', 'transform_matrix': [[-0.9297764858882511, -0.26040699016156404, 0.26019970362067946, 0.993936292248631], [0.3681245526846781, -0.6577129790648513, 0.657189433025474, 2.5103965118982785], [0.0, 0.7068251811053659, 0.7073882691671995, 2.4999999999999996], [0.0, 0.0, 0.0, 1.0]], 'mask_path': 'masks/72.png'}, {'file_path': 'images/73.png', 'transform_matrix': [[-0.9685831611286309, -0.17592030884093313, 0.17578027453437184, 0.6714626953451092], [0.2486898871648552, -0.6851643658952771, 0.6846189682803524, 2.615174535047304], [0.0, 0.7068251811053659, 0.7073882691671995, 2.4999999999999996], [0.0, 0.0, 0.0, 1.0]], 'mask_path': 'masks/73.png'}, {'file_path': 'images/74.png', 'transform_matrix': [[-0.9921147013144779, -0.08865925916018177, 0.0885886855126107, 0.33839973062362233], [0.12533323356430454, -0.7018103013781819, 0.701251653433902, 2.6787096935490906], [0.0, 0.7068251811053661, 0.7073882691671998, 2.5000000000000004], [0.0, 0.0, 0.0, 1.0]], 'mask_path': 'masks/74.png'}, {'file_path': 'images/75.png', 'transform_matrix': [[-0.9999999999999999, -8.663007795899974e-17, 8.656111955974346e-17, 3.3065463576978537e-16], [1.224646799147353e-16, -0.7073882691671997, 0.706825181105366, 2.7], [0.0, 0.706825181105366, 0.7073882691671997, 2.5], [0.0, 0.0, 0.0, 1.0]], 'mask_path': 'masks/75.png'}, {'file_path': 'images/76.png', 'transform_matrix': [[-0.9921147013144779, 0.08865925916018161, -0.08858868551261052, -0.33839973062362166], [-0.12533323356430429, -0.7018103013781819, 0.701251653433902, 2.6787096935490906], [0.0, 0.7068251811053661, 0.7073882691671998, 2.5000000000000004], [0.0, 0.0, 0.0, 1.0]], 'mask_path': 'masks/76.png'}, {'file_path': 'images/77.png', 'transform_matrix': [[-0.9685831611286309, 0.17592030884093265, -0.17578027453437137, -0.6714626953451074], [-0.24868988716485455, -0.6851643658952771, 0.6846189682803524, 2.615174535047304], [0.0, 0.7068251811053659, 0.7073882691671995, 2.4999999999999996], [0.0, 0.0, 0.0, 1.0]], 'mask_path': 'masks/77.png'}, {'file_path': 'images/78.png', 'transform_matrix': [[-0.9297764858882516, 0.26040699016156393, -0.26019970362067935, -0.9939362922486306], [-0.3681245526846779, -0.6577129790648516, 0.6571894330254743, 2.51039651189828], [0.0, 0.7068251811053661, 0.7073882691671998, 2.5000000000000004], [0.0, 0.0, 0.0, 1.0]], 'mask_path': 'masks/78.png'}, {'file_path': 'images/79.png', 'transform_matrix': [[-0.8763066800438634, 0.3407868976877516, -0.3405156279451204, -1.3007349200746317], [-0.4817536741017153, -0.6198890656558836, 0.6193956278258458, 2.3660280361184314], [0.0, 0.706825181105366, 0.7073882691671997, 2.5], [0.0, 0.0, 0.0, 1.0]], 'mask_path': 'masks/79.png'}, {'file_path': 'images/80.png', 'transform_matrix': [[-0.8090169943749479, 0.41579239226117803, -0.4154614174026902, -1.5870201811896765], [-0.5877852522924726, -0.5722891313777446, 0.5718335835663915, 2.18434588481236], [0.0, 0.7068251811053661, 0.7073882691671998, 2.5000000000000004], [0.0, 0.0, 0.0, 1.0]], 'mask_path': 'masks/80.png'}, {'file_path': 'images/81.png', 'transform_matrix': [[-0.7289686274214117, 0.48424059242631046, -0.48385513212319925, -1.8482771860074585], [-0.6845471059286882, -0.5156638556288217, 0.5152533820972695, 1.968215294037812], [0.0, 0.706825181105366, 0.7073882691671997, 2.5], [0.0, 0.0, 0.0, 1.0]], 'mask_path': 'masks/81.png'}, {'file_path': 'images/82.png', 'transform_matrix': [[-0.6374239897486894, 0.5450520291775719, -0.54461816236908, -2.080385755494631], [-0.7705132427757891, -0.4509062528339763, 0.4505473269950224, 1.721044772321462], [0.0, 0.706825181105366, 0.7073882691671997, 2.5], [0.0, 0.0, 0.0, 1.0]], 'mask_path': 'masks/82.png'}, {'file_path': 'images/83.png', 'transform_matrix': [[-0.5358267949789962, 0.5972676698304029, -0.5967922388552799, -2.2796853988554413], [-0.8443279255020152, -0.37903758907360013, 0.3787358714021369, 1.4467323464432902], [0.0, 0.706825181105366, 0.7073882691671997, 2.5], [0.0, 0.0, 0.0, 1.0]], 'mask_path': 'masks/83.png'}, {'file_path': 'images/84.png', 'transform_matrix': [[-0.4257792915650721, 0.6400640425395967, -0.6395545452283289, -2.4430330416582535], [-0.9048270524660197, -0.30119127610745283, 0.30095152487139654, 1.149604087225695], [0.0, 0.706825181105366, 0.7073882691671997, 2.5], [0.0, 0.0, 0.0, 1.0]], 'mask_path': 'masks/84.png'}, {'file_path': 'images/85.png', 'transform_matrix': [[-0.3090169943749475, 0.6727662229422152, -0.6722306943717602, -2.5678525939969146], [-0.9510565162951533, -0.21859499679414443, 0.21842099301370815, 0.8343458848123585], [0.0, 0.7068251811053659, 0.7073882691671995, 2.4999999999999996], [0.0, 0.0, 0.0, 1.0]], 'mask_path': 'masks/85.png'}, {'file_path': 'images/86.png', 'transform_matrix': [[-0.18738131458572452, 0.6948584781179742, -0.6943053638937974, -2.6521755769674598], [-0.9822872507286886, -0.13255134379907024, 0.1324458316178163, 0.5059295493814563], [0.0, 0.706825181105366, 0.7073882691671997, 2.5], [0.0, 0.0, 0.0, 1.0]], 'mask_path': 'masks/86.png'}, {'file_path': 'images/87.png', 'transform_matrix': [[-0.06279051952931312, 0.7059924000054778, -0.7054304230693089, -2.6946721667563334], [-0.9980267284282714, -0.04441727692995007, 0.044381920338006774, 0.1695344027291455], [0.0, 0.7068251811053659, 0.7073882691671995, 2.4999999999999996], [0.0, 0.0, 0.0, 1.0]], 'mask_path': 'masks/87.png'}, {'file_path': 'images/88.png', 'transform_matrix': [[0.06279051952931285, 0.7059924000054778, -0.7054304230693089, -2.6946721667563334], [-0.9980267284282714, 0.04441727692994987, -0.04438192033800658, -0.16953440272914475], [0.0, 0.706825181105366, 0.7073882691671997, 2.5], [0.0, 0.0, 0.0, 1.0]], 'mask_path': 'masks/88.png'}, {'file_path': 'images/89.png', 'transform_matrix': [[0.1873813145857243, 0.6948584781179743, -0.6943053638937975, -2.65217557696746], [-0.9822872507286887, 0.13255134379907008, -0.13244583161781615, -0.5059295493814557], [0.0, 0.706825181105366, 0.7073882691671997, 2.5], [0.0, 0.0, 0.0, 1.0]], 'mask_path': 'masks/89.png'}, {'file_path': 'images/90.png', 'transform_matrix': [[0.3090169943749471, 0.6727662229422153, -0.6722306943717604, -2.567852593996915], [-0.9510565162951535, 0.21859499679414415, -0.2184209930137079, -0.8343458848123574], [0.0, 0.706825181105366, 0.7073882691671997, 2.5], [0.0, 0.0, 0.0, 1.0]], 'mask_path': 'masks/90.png'}, {'file_path': 'images/91.png', 'transform_matrix': [[0.4257792915650719, 0.6400640425395968, -0.639554545228329, -2.443033041658254], [-0.9048270524660198, 0.30119127610745267, -0.30095152487139637, -1.1496040872256943], [0.0, 0.706825181105366, 0.7073882691671997, 2.5], [0.0, 0.0, 0.0, 1.0]], 'mask_path': 'masks/91.png'}, {'file_path': 'images/92.png', 'transform_matrix': [[0.5358267949789965, 0.5972676698304027, -0.5967922388552797, -2.2796853988554404], [-0.8443279255020149, 0.3790375890736004, -0.3787358714021371, -1.446732346443291], [0.0, 0.7068251811053659, 0.7073882691671995, 2.4999999999999996], [0.0, 0.0, 0.0, 1.0]], 'mask_path': 'masks/92.png'}, {'file_path': 'images/93.png', 'transform_matrix': [[0.6374239897486891, 0.545052029177572, -0.5446181623690802, -2.080385755494632], [-0.7705132427757894, 0.45090625283397606, -0.4505473269950222, -1.721044772321461], [0.0, 0.7068251811053659, 0.7073882691671995, 2.4999999999999996], [0.0, 0.0, 0.0, 1.0]], 'mask_path': 'masks/93.png'}, {'file_path': 'images/94.png', 'transform_matrix': [[0.7289686274214112, 0.48424059242631096, -0.4838551321231997, -1.8482771860074603], [-0.6845471059286888, 0.5156638556288214, -0.5152533820972691, -1.9682152940378108], [0.0, 0.706825181105366, 0.7073882691671997, 2.5], [0.0, 0.0, 0.0, 1.0]], 'mask_path': 'masks/94.png'}, {'file_path': 'images/95.png', 'transform_matrix': [[0.8090169943749471, 0.4157923922611784, -0.4154614174026906, -1.5870201811896778], [-0.5877852522924731, 0.5722891313777441, -0.5718335835663909, -2.1843458848123576], [0.0, 0.706825181105366, 0.7073882691671997, 2.5], [0.0, 0.0, 0.0, 1.0]], 'mask_path': 'masks/95.png'}, {'file_path': 'images/96.png', 'transform_matrix': [[0.8763066800438629, 0.3407868976877521, -0.3405156279451209, -1.3007349200746334], [-0.481753674101716, 0.6198890656558833, -0.6193956278258455, -2.3660280361184305], [0.0, 0.706825181105366, 0.7073882691671997, 2.5], [0.0, 0.0, 0.0, 1.0]], 'mask_path': 'masks/96.png'}, {'file_path': 'images/97.png', 'transform_matrix': [[0.9297764858882513, 0.2604069901615639, -0.2601997036206793, -0.9939362922486303], [-0.3681245526846778, 0.6577129790648515, -0.6571894330254741, -2.510396511898279], [0.0, 0.706825181105366, 0.7073882691671997, 2.5], [0.0, 0.0, 0.0, 1.0]], 'mask_path': 'masks/97.png'}, {'file_path': 'images/98.png', 'transform_matrix': [[0.9685831611286309, 0.1759203088409332, -0.17578027453437192, -0.6714626953451095], [-0.24868988716485532, 0.6851643658952771, -0.6846189682803524, -2.615174535047304], [0.0, 0.7068251811053659, 0.7073882691671995, 2.4999999999999996], [0.0, 0.0, 0.0, 1.0]], 'mask_path': 'masks/98.png'}, {'file_path': 'images/99.png', 'transform_matrix': [[0.9921147013144777, 0.08865925916018184, -0.08858868551261076, -0.33839973062362255], [-0.12533323356430462, 0.7018103013781817, -0.7012516534339018, -2.67870969354909], [0.0, 0.706825181105366, 0.7073882691671997, 2.5], [0.0, 0.0, 0.0, 1.0]], 'mask_path': 'masks/99.png'}, {'file_path': 'images/100.png', 'transform_matrix': [[0.9999999999999999, 0.0, 0.0, 0.0], [0.0, 0.7073882691671997, -0.706825181105366, -2.4], [0.0, 0.706825181105366, 0.7073882691671997, 2.5], [0.0, 0.0, 0.0, 1.0]], 'mask_path': 'masks/100.png'}, {'file_path': 'images/101.png', 'transform_matrix': [[0.9921147013144777, -0.08865925916018154, 0.08858868551261047, 0.30079976055433016], [0.1253332335643042, 0.7018103013781817, -0.7012516534339018, -2.3810752831547464], [0.0, 0.706825181105366, 0.7073882691671997, 2.5], [0.0, 0.0, 0.0, 1.0]], 'mask_path': 'masks/101.png'}, {'file_path': 'images/102.png', 'transform_matrix': [[0.9685831611286311, -0.17592030884093282, 0.17578027453437153, 0.5968557291956516], [0.2486898871648548, 0.6851643658952773, -0.6846189682803526, -2.3245995867087146], [0.0, 0.706825181105366, 0.7073882691671997, 2.5], [0.0, 0.0, 0.0, 1.0]], 'mask_path': 'masks/102.png'}, {'file_path': 'images/103.png', 'transform_matrix': [[0.9297764858882513, -0.26040699016156393, 0.2601997036206793, 0.883498926443227], [0.36812455268467786, 0.6577129790648515, -0.6571894330254741, -2.2314635661318034], [0.0, 0.706825181105366, 0.7073882691671997, 2.5], [0.0, 0.0, 0.0, 1.0]], 'mask_path': 'masks/103.png'}, {'file_path': 'images/104.png', 'transform_matrix': [[0.8763066800438634, -0.34078689768775156, 0.34051562794512036, 1.1562088178441166], [0.4817536741017152, 0.6198890656558836, -0.6193956278258458, -2.1031360321052723], [0.0, 0.706825181105366, 0.7073882691671997, 2.5], [0.0, 0.0, 0.0, 1.0]], 'mask_path': 'masks/104.png'}, {'file_path': 'images/105.png', 'transform_matrix': [[0.8090169943749472, -0.41579239226117826, 0.4154614174026905, 1.4106846055019353], [0.5877852522924729, 0.5722891313777441, -0.571833583566391, -1.9416407864998735], [0.0, 0.7068251811053659, 0.7073882691671995, 2.4999999999999996], [0.0, 0.0, 0.0, 1.0]], 'mask_path': 'masks/105.png'}, {'file_path': 'images/106.png', 'transform_matrix': [[0.7289686274214116, -0.48424059242631073, 0.48385513212319947, 1.6429130542288526], [0.6845471059286885, 0.5156638556288217, -0.5152533820972693, -1.7495247058113879], [0.0, 0.706825181105366, 0.7073882691671997, 2.5], [0.0, 0.0, 0.0, 1.0]], 'mask_path': 'masks/106.png'}, {'file_path': 'images/107.png', 'transform_matrix': [[0.6374239897486897, -0.5450520291775719, 0.54461816236908, 1.849231782661894], [0.7705132427757891, 0.45090625283397656, -0.45054732699502265, -1.5298175753968557], [0.0, 0.7068251811053661, 0.7073882691671998, 2.5000000000000004], [0.0, 0.0, 0.0, 1.0]], 'mask_path': 'masks/107.png'}, {'file_path': 'images/108.png', 'transform_matrix': [[0.5358267949789964, -0.5972676698304028, 0.5967922388552799, 2.0263870212048363], [0.8443279255020151, 0.3790375890736003, -0.37873587140213705, -1.2859843079495916], [0.0, 0.706825181105366, 0.7073882691671997, 2.5], [0.0, 0.0, 0.0, 1.0]], 'mask_path': 'masks/108.png'}, {'file_path': 'images/109.png', 'transform_matrix': [[0.42577929156507255, -0.6400640425395966, 0.6395545452283288, 2.171584925918447], [0.9048270524660195, 0.30119127610745317, -0.30095152487139687, -1.0218702997561742], [0.0, 0.706825181105366, 0.7073882691671997, 2.5], [0.0, 0.0, 0.0, 1.0]], 'mask_path': 'masks/109.png'}, {'file_path': 'images/110.png', 'transform_matrix': [[0.3090169943749474, -0.6727662229422153, 0.6722306943717604, 2.2825356391083687], [0.9510565162951535, 0.21859499679414435, -0.2184209930137081, -0.7416407864998739], [0.0, 0.706825181105366, 0.7073882691671997, 2.5], [0.0, 0.0, 0.0, 1.0]], 'mask_path': 'masks/110.png'}, {'file_path': 'images/111.png', 'transform_matrix': [[0.18738131458572468, -0.6948584781179741, 0.6943053638937974, 2.3574894017488526], [0.9822872507286885, 0.13255134379907035, -0.13244583161781642, -0.4497151550057393], [0.0, 0.7068251811053659, 0.7073882691671995, 2.4999999999999996], [0.0, 0.0, 0.0, 1.0]], 'mask_path': 'masks/111.png'}, {'file_path': 'images/112.png', 'transform_matrix': [[0.06279051952931351, -0.7059924000054778, 0.7054304230693089, 2.395264148227852], [0.9980267284282714, 0.044417276929950344, -0.04438192033800705, -0.15069724687035246], [0.0, 0.706825181105366, 0.7073882691671997, 2.5], [0.0, 0.0, 0.0, 1.0]], 'mask_path': 'masks/112.png'}, {'file_path': 'images/113.png', 'transform_matrix': [[-0.06279051952931351, -0.7059924000054778, 0.7054304230693089, 2.395264148227852], [0.9980267284282714, -0.044417276929950344, 0.04438192033800705, 0.15069724687035246], [0.0, 0.706825181105366, 0.7073882691671997, 2.5], [0.0, 0.0, 0.0, 1.0]], 'mask_path': 'masks/113.png'}, {'file_path': 'images/114.png', 'transform_matrix': [[-0.18738131458572452, -0.6948584781179742, 0.6943053638937974, 2.357489401748853], [0.9822872507286886, -0.13255134379907024, 0.1324458316178163, 0.4497151550057389], [0.0, 0.706825181105366, 0.7073882691671997, 2.5], [0.0, 0.0, 0.0, 1.0]], 'mask_path': 'masks/114.png'}, {'file_path': 'images/115.png', 'transform_matrix': [[-0.3090169943749471, -0.6727662229422153, 0.6722306943717604, 2.2825356391083687], [0.9510565162951535, -0.21859499679414415, 0.2184209930137079, 0.7416407864998732], [0.0, 0.706825181105366, 0.7073882691671997, 2.5], [0.0, 0.0, 0.0, 1.0]], 'mask_path': 'masks/115.png'}, {'file_path': 'images/116.png', 'transform_matrix': [[-0.42577929156507266, -0.6400640425395964, 0.6395545452283286, 2.1715849259184465], [0.9048270524660192, -0.3011912761074532, 0.3009515248713969, 1.0218702997561744], [0.0, 0.706825181105366, 0.7073882691671997, 2.5], [0.0, 0.0, 0.0, 1.0]], 'mask_path': 'masks/116.png'}, {'file_path': 'images/117.png', 'transform_matrix': [[-0.5358267949789968, -0.5972676698304027, 0.5967922388552797, 2.026387021204836], [0.8443279255020149, -0.3790375890736005, 0.37873587140213727, 1.2859843079495925], [0.0, 0.706825181105366, 0.7073882691671997, 2.5], [0.0, 0.0, 0.0, 1.0]], 'mask_path': 'masks/117.png'}, {'file_path': 'images/118.png', 